{
    "camera_data": {
        "camera_look_at": {
            "at": [
                1.0,
                0.0,
                0.0
            ],
            "eye": [
                0.0,
                0.0,
                0.0
            ],
            "up": [
                0.0,
                0.0,
                1.0
            ]
        },
        "camera_view_matrix": [
            [
                0.0,
                0.0,
                -1.0,
                0.0
            ],
            [
                -1.0,
                0.0,
                0.0,
                0.0
            ],
            [
                0.0,
                1.0,
                0.0,
                0.0
            ],
            [
                0.0,
                0.0,
                0.0,
                1.0
            ]
        ],
        "height": 500,
        "intrinsics": {
            "cx": 250.0,
            "cy": 250.0,
            "fx": 603.5535278320312,
            "fy": 603.5535278320312
        },
        "location_world": [
            0.0,
            0.0,
            0.0
        ],
        "quaternion_world_xyzw": [
            0.5,
            -0.5,
            -0.5,
            0.5
        ],
        "width": 500
    },
    "objects": [
        {
            "bounding_box_minx_maxx_miny_maxy": [
                193,
                230,
                116,
                162
            ],
            "class": "Perricone",
            "local_cuboid": null,
            "local_to_world_matrix": [
                [
                    0.7918792963027954,
                    -0.33518558740615845,
                    0.5104682445526123,
                    0.0
                ],
                [
                    -0.08085653185844421,
                    -0.8860942125320435,
                    -0.45639917254447937,
                    0.0
                ],
                [
                    0.6053011417388916,
                    0.32013842463493347,
                    -0.7287817001342773,
                    0.0
                ],
                [
                    1.86929452419281,
                    0.10453733801841736,
                    0.388386070728302,
                    1.0
                ]
            ],
            "location": [
                -0.10453733801841736,
                0.388386070728302,
                -1.86929452419281
            ],
            "location_world": [
                1.86929452419281,
                0.10453733801841736,
                0.388386070728302
            ],
            "name": "google_Perricone_MD_Photo_Plasma_0",
            "projected_cuboid": [
                [
                    204.28717136383057,
                    142.00186729431152
                ],
                [
                    221.85485064983368,
                    150.82457661628723
                ],
                [
                    231.54769837856293,
                    123.32300841808319
                ],
                [
                    213.36989104747772,
                    114.28311467170715
                ],
                [
                    190.954327583313,
                    154.44424748420715
                ],
                [
                    209.2646360397339,
                    163.69333863258362
                ],
                [
                    218.96421909332275,
                    135.37663221359253
                ],
                [
                    199.99003410339355,
                    125.88794529438019
                ],
                [
                    211.3310843706131,
                    138.82222771644592
                ]
            ],
            "provenance": "visii",
            "quaternion_xyzw": [
                0.7740939855575562,
                0.4510311782360077,
                -0.35913532972335815,
                0.2614792287349701
            ],
            "quaternion_xyzw_world": [
                0.922869861125946,
                -0.1127033531665802,
                0.3022553324699402,
                -0.21035945415496826
            ],
            "segmentation_id": 1,
            "visibility": 1
        },
        {
            "bounding_box_minx_maxx_miny_maxy": [
                0,
                114,
                1,
                64
            ],
            "class": "Glycerin",
            "local_cuboid": null,
            "local_to_world_matrix": [
                [
                    0.257685124874115,
                    0.697736918926239,
                    -0.6684024333953857,
                    0.0
                ],
                [
                    -0.6220524907112122,
                    -0.40953969955444336,
                    -0.6673293709754944,
                    0.0
                ],
                [
                    -0.7393573522567749,
                    0.587742269039154,
                    0.32849645614624023,
                    0.0
                ],
                [
                    0.5002428889274597,
                    0.15538711845874786,
                    0.24811109900474548,
                    1.0
                ]
            ],
            "location": [
                -0.15538711845874786,
                0.24811109900474548,
                -0.5002428889274597
            ],
            "location_world": [
                0.5002428889274597,
                0.15538711845874786,
                0.24811109900474548
            ],
            "name": "google_Glycerin_11_Color_BrllntBluSkydvrSlvrBlckWht_Size_80_1",
            "projected_cuboid": [
                [
                    -151.80471539497375,
                    -169.58662867546082
                ],
                [
                    -154.436856508255,
                    -34.61337089538574
                ],
                [
                    56.771501898765564,
                    97.42346405982971
                ],
                [
                    -6.656080484390259,
                    -56.35356903076172
                ],
                [
                    -72.4126398563385,
                    -297.4652647972107
                ],
                [
                    -23.291081190109253,
                    -231.91174864768982
                ],
                [
                    170.82922160625458,
                    -38.566648960113525
                ],
                [
                    66.69729948043823,
                    -156.02731704711914
                ],
                [
                    -12.006103992462158,
                    -112.81511187553406
                ]
            ],
            "provenance": "visii",
            "quaternion_xyzw": [
                -0.2399141937494278,
                0.269745409488678,
                0.8809688091278076,
                -0.3058967590332031
            ],
            "quaternion_xyzw_world": [
                -0.5785171389579773,
                -0.03270622342824936,
                0.6083483695983887,
                0.5423657894134521
            ],
            "segmentation_id": 2,
            "visibility": 1
        },
        {
            "bounding_box_minx_maxx_miny_maxy": [
                -1,
                -1,
                -1,
                -1
            ],
            "class": "Jansport",
            "local_cuboid": null,
            "local_to_world_matrix": [
                [
                    -0.2951674461364746,
                    0.6054792404174805,
                    0.7391014695167542,
                    0.0
                ],
                [
                    0.7378532886505127,
                    -0.3469986915588379,
                    0.5789337754249573,
                    0.0
                ],
                [
                    0.6069996953010559,
                    0.7162309288978577,
                    -0.34433209896087646,
                    0.0
                ],
                [
                    0.636886477470398,
                    -0.4759023189544678,
                    -0.24178959429264069,
                    1.0
                ]
            ],
            "location": [
                0.4759023189544678,
                -0.24178959429264069,
                -0.636886477470398
            ],
            "location_world": [
                0.636886477470398,
                -0.4759023189544678,
                -0.24178959429264069
            ],
            "name": "google_Jansport_School_Backpack_Blue_Streak_2",
            "projected_cuboid": [
                [
                    234.61955785751343,
                    552.7578592300415
                ],
                [
                    317.3578381538391,
                    338.09617161750793
                ],
                [
                    607.2577238082886,
                    243.53055655956268
                ],
                [
                    652.1308422088623,
                    529.017984867096
                ],
                [
                    396.26431465148926,
                    708.611011505127
                ],
                [
                    430.62523007392883,
                    475.79213976860046
                ],
                [
                    720.1092839241028,
                    437.98986077308655
                ],
                [
                    812.1626973152161,
                    764.924943447113
                ],
                [
                    494.8825240135193,
                    491.23263359069824
                ]
            ],
            "provenance": "visii",
            "quaternion_xyzw": [
                0.3250333070755005,
                0.8353760838508606,
                -0.3238617181777954,
                -0.30267757177352905
            ],
            "quaternion_xyzw_world": [
                0.5907967686653137,
                0.5684410333633423,
                0.5696126222610474,
                -0.05809828266501427
            ],
            "segmentation_id": 3,
            "visibility": 0
        },
        {
            "bounding_box_minx_maxx_miny_maxy": [
                81,
                103,
                273,
                325
            ],
            "class": "Mario",
            "local_cuboid": null,
            "local_to_world_matrix": [
                [
                    0.43694818019866943,
                    0.08457103371620178,
                    0.8955020904541016,
                    0.0
                ],
                [
                    -0.8821182250976562,
                    0.23498821258544922,
                    0.40822547674179077,
                    0.0
                ],
                [
                    -0.1759084165096283,
                    -0.9683120846748352,
                    0.17727935314178467,
                    0.0
                ],
                [
                    1.8917298316955566,
                    0.5002409815788269,
                    -0.15475055575370789,
                    1.0
                ]
            ],
            "location": [
                -0.5002409815788269,
                -0.15475055575370789,
                -1.8917298316955566
            ],
            "location_world": [
                1.8917298316955566,
                0.5002409815788269,
                -0.15475055575370789
            ],
            "name": "google_Mario_Luigi_Dream_Team_Nintendo_3DS_Game_3",
            "projected_cuboid": [
                [
                    104.58561778068542,
                    285.4568064212799
                ],
                [
                    86.44881844520569,
                    271.0126042366028
                ],
                [
                    81.60048723220825,
                    271.91394567489624
                ],
                [
                    99.98174011707306,
                    286.2868905067444
                ],
                [
                    103.6880761384964,
                    325.39278268814087
                ],
                [
                    84.89222824573517,
                    312.9118084907532
                ],
                [
                    79.88514006137848,
                    313.7766718864441
                ],
                [
                    98.94125163555145,
                    326.18921995162964
                ],
                [
                    92.78291463851929,
                    298.9889979362488
                ]
            ],
            "provenance": "visii",
            "quaternion_xyzw": [
                0.2877911925315857,
                0.5737787485122681,
                0.461588054895401,
                0.6122831702232361
            ],
            "quaternion_xyzw_world": [
                0.5061325430870056,
                -0.39394184947013855,
                0.35543736815452576,
                0.6799293756484985
            ],
            "segmentation_id": 4,
            "visibility": 1
        },
        {
            "bounding_box_minx_maxx_miny_maxy": [
                109,
                499,
                180,
                500
            ],
            "class": "INTERNATIONAL",
            "local_cuboid": null,
            "local_to_world_matrix": [
                [
                    -0.15914177894592285,
                    0.7681237459182739,
                    -0.6202094554901123,
                    0.0
                ],
                [
                    -0.3157106339931488,
                    0.5556324124336243,
                    0.769154965877533,
                    0.0
                ],
                [
                    0.9354146718978882,
                    0.3182113766670227,
                    0.15408051013946533,
                    0.0
                ],
                [
                    0.1529155820608139,
                    -0.11635913699865341,
                    -0.15944470465183258,
                    1.0
                ]
            ],
            "location": [
                0.11635913699865341,
                -0.15944470465183258,
                -0.1529155820608139
            ],
            "location_world": [
                0.1529155820608139,
                -0.11635913699865341,
                -0.15944470465183258
            ],
            "name": "google_INTERNATIONAL_PAPER_Willamette_4_Brown_Bag_500Count_4",
            "projected_cuboid": [
                [
                    329.720139503479,
                    886.8083357810974
                ],
                [
                    -31.172335147857666,
                    580.6064605712891
                ],
                [
                    -140.64857363700867,
                    1201.2360095977783
                ],
                [
                    546.5265512466431,
                    1446.7973709106445
                ],
                [
                    682.192325592041,
                    514.9853825569153
                ],
                [
                    488.41315507888794,
                    144.22741532325745
                ],
                [
                    922.7047562599182,
                    138.00671696662903
                ],
                [
                    1070.0745582580566,
                    736.6995215415955
                ],
                [
                    511.31248474121094,
                    657.4994921684265
                ]
            ],
            "provenance": "visii",
            "quaternion_xyzw": [
                -0.31549006700515747,
                0.9317582249641418,
                0.12604966759681702,
                -0.12807857990264893
            ],
            "quaternion_xyzw_world": [
                0.18106995522975922,
                0.6246386170387268,
                0.43519818782806396,
                0.6226096749305725
            ],
            "segmentation_id": 5,
            "visibility": 1
        },
        {
            "bounding_box_minx_maxx_miny_maxy": [
                -1,
                -1,
                -1,
                -1
            ],
            "class": "LEGO",
            "local_cuboid": null,
            "local_to_world_matrix": [
                [
                    -0.06315875053405762,
                    -0.5187505483627319,
                    0.85258948802948,
                    0.0
                ],
                [
                    0.8927996158599854,
                    -0.4111499786376953,
                    -0.18402314186096191,
                    0.0
                ],
                [
                    0.4460042715072632,
                    0.7495689392089844,
                    0.48910802602767944,
                    0.0
                ],
                [
                    1.7230427265167236,
                    -0.10845116525888443,
                    -0.638331413269043,
                    1.0
                ]
            ],
            "location": [
                0.10845116525888443,
                -0.638331413269043,
                -1.7230427265167236
            ],
            "location_world": [
                1.7230427265167236,
                -0.10845116525888443,
                -0.638331413269043
            ],
            "name": "google_LEGO_5887_Dino_Defense_HQ_5",
            "projected_cuboid": [
                [
                    233.8789701461792,
                    351.20660066604614
                ],
                [
                    280.2222967147827,
                    354.86236214637756
                ],
                [
                    346.0918664932251,
                    403.21242809295654
                ],
                [
                    309.49410796165466,
                    409.01005268096924
                ],
                [
                    150.2758264541626,
                    487.3480200767517
                ],
                [
                    208.94388854503632,
                    469.8030948638916
                ],
                [
                    269.3870961666107,
                    524.5572328567505
                ],
                [
                    218.29861402511597,
                    554.2258620262146
                ],
                [
                    252.7468502521515,
                    443.3196783065796
                ]
            ],
            "provenance": "visii",
            "quaternion_xyzw": [
                -0.7329355478286743,
                -0.43105411529541016,
                0.23413048684597015,
                0.47136056423187256
            ],
            "quaternion_xyzw_world": [
                -0.46337977051734924,
                -0.20180481672286987,
                -0.7006098628044128,
                0.503686249256134
            ],
            "segmentation_id": 6,
            "visibility": 0
        },
        {
            "bounding_box_minx_maxx_miny_maxy": [
                -1,
                -1,
                -1,
                -1
            ],
            "class": "Mens",
            "local_cuboid": null,
            "local_to_world_matrix": [
                [
                    0.44568532705307007,
                    0.4711708426475525,
                    0.7611587643623352,
                    0.0
                ],
                [
                    -0.5546719431877136,
                    -0.5220386981964111,
                    0.6479312181472778,
                    0.0
                ],
                [
                    0.7026404738426208,
                    -0.7109668254852295,
                    0.02868020534515381,
                    0.0
                ],
                [
                    0.4672582745552063,
                    -0.4589889347553253,
                    -0.11657756567001343,
                    1.0
                ]
            ],
            "location": [
                0.4589889347553253,
                -0.11657756567001343,
                -0.4672582745552063
            ],
            "location_world": [
                0.4672582745552063,
                -0.4589889347553253,
                -0.11657756567001343
            ],
            "name": "google_Mens_ASV_Shock_Light_Bungee_in_Light_Grey_xGCOvtLDnQJ_6",
            "projected_cuboid": [
                [
                    658.5752964019775,
                    402.7675688266754
                ],
                [
                    973.5080003738403,
                    224.67777132987976
                ],
                [
                    996.2016940116882,
                    224.5396226644516
                ],
                [
                    629.2640566825867,
                    428.49305272102356
                ],
                [
                    741.2554025650024,
                    496.26195430755615
                ],
                [
                    1119.469165802002,
                    332.46225118637085
                ],
                [
                    1178.3788204193115,
                    356.8439781665802
                ],
                [
                    722.3488092422485,
                    539.1396284103394
                ],
                [
                    844.3794250488281,
                    386.3520920276642
                ]
            ],
            "provenance": "visii",
            "quaternion_xyzw": [
                0.38194847106933594,
                0.8399021625518799,
                0.17363694310188293,
                0.3442818820476532
            ],
            "quaternion_xyzw_world": [
                0.6962477564811707,
                -0.029982538893818855,
                0.5256028771400452,
                0.48793625831604004
            ],
            "segmentation_id": 7,
            "visibility": 0
        },
        {
            "bounding_box_minx_maxx_miny_maxy": [
                -1,
                -1,
                -1,
                -1
            ],
            "class": "Twinlab",
            "local_cuboid": null,
            "local_to_world_matrix": [
                [
                    0.9168208837509155,
                    0.2489890605211258,
                    0.3121601641178131,
                    0.0
                ],
                [
                    -0.06970880925655365,
                    -0.6699596643447876,
                    0.7391176819801331,
                    0.0
                ],
                [
                    0.3931668698787689,
                    -0.6993988156318665,
                    -0.5968762636184692,
                    0.0
                ],
                [
                    0.501239001750946,
                    0.544064998626709,
                    0.5470450520515442,
                    1.0
                ]
            ],
            "location": [
                -0.544064998626709,
                0.5470450520515442,
                -0.501239001750946
            ],
            "location_world": [
                0.501239001750946,
                0.544064998626709,
                0.5470450520515442
            ],
            "name": "google_Twinlab_100_Whey_Protein_Fuel_Chocolate_7",
            "projected_cuboid": [
                [
                    -135.97941398620605,
                    -68.62252950668335
                ],
                [
                    -47.62944579124451,
                    -178.2395839691162
                ],
                [
                    -293.0312156677246,
                    -418.8500642776489
                ],
                [
                    -392.2620415687561,
                    -285.44509410858154
                ],
                [
                    -196.0747241973877,
                    -99.2358922958374
                ],
                [
                    -84.56921577453613,
                    -239.7724986076355
                ],
                [
                    -422.92845249176025,
                    -577.6078701019287
                ],
                [
                    -552.0320534706116,
                    -395.64812183380127
                ],
                [
                    -245.97501754760742,
                    -263.73088359832764
                ]
            ],
            "provenance": "visii",
            "quaternion_xyzw": [
                0.31822171807289124,
                0.7715688347816467,
                -0.17081022262573242,
                0.5236796736717224
            ],
            "quaternion_xyzw_world": [
                0.8921402096748352,
                0.05023881047964096,
                0.19765028357505798,
                0.40310829877853394
            ],
            "segmentation_id": 8,
            "visibility": 0
        },
        {
            "bounding_box_minx_maxx_miny_maxy": [
                -1,
                -1,
                -1,
                -1
            ],
            "class": "Timberland",
            "local_cuboid": null,
            "local_to_world_matrix": [
                [
                    0.05523324012756348,
                    0.8091021180152893,
                    0.5850667357444763,
                    0.0
                ],
                [
                    -0.12232857942581177,
                    0.5870304107666016,
                    -0.800269365310669,
                    0.0
                ],
                [
                    -0.9909515976905823,
                    -0.027368932962417603,
                    0.13139986991882324,
                    0.0
                ],
                [
                    1.1338529586791992,
                    -0.5332900881767273,
                    0.03097730502486229,
                    1.0
                ]
            ],
            "location": [
                0.5332900881767273,
                0.03097730502486229,
                -1.1338529586791992
            ],
            "location_world": [
                1.1338529586791992,
                -0.5332900881767273,
                0.03097730502486229
            ],
            "name": "google_Timberland_Mens_Earthkeepers_Stormbuck_Chukka_8",
            "projected_cuboid": [
                [
                    586.7294073104858,
                    132.89660215377808
                ],
                [
                    490.99886417388916,
                    276.1901021003723
                ],
                [
                    464.5649194717407,
                    281.713604927063
                ],
                [
                    551.6518354415894,
                    152.46371924877167
                ],
                [
                    642.0542001724243,
                    170.72877287864685
                ],
                [
                    547.8070974349976,
                    316.3423240184784
                ],
                [
                    515.3642892837524,
                    317.75450706481934
                ],
                [
                    601.2651920318604,
                    186.62653863430023
                ],
                [
                    549.8709678649902,
                    228.37138175964355
                ]
            ],
            "provenance": "visii",
            "quaternion_xyzw": [
                -0.007342547178268433,
                0.06686033308506012,
                0.9487258791923523,
                0.3088608384132385
            ],
            "quaternion_xyzw_world": [
                -0.29017361998558044,
                -0.5916919112205505,
                0.34969139099121094,
                0.6658948063850403
            ],
            "segmentation_id": 9,
            "visibility": 0
        },
        {
            "bounding_box_minx_maxx_miny_maxy": [
                -1,
                -1,
                -1,
                -1
            ],
            "class": "Nescafe",
            "local_cuboid": null,
            "local_to_world_matrix": [
                [
                    0.9818425178527832,
                    -0.1339728981256485,
                    0.13430026173591614,
                    0.0
                ],
                [
                    -0.18074463307857513,
                    -0.875625491142273,
                    0.44789737462997437,
                    0.0
                ],
                [
                    0.057590581476688385,
                    -0.4640387296676636,
                    -0.8839412927627563,
                    0.0
                ],
                [
                    1.899280309677124,
                    -0.5340486168861389,
                    -0.5221150517463684,
                    1.0
                ]
            ],
            "location": [
                0.5340486168861389,
                -0.5221150517463684,
                -1.899280309677124
            ],
            "location_world": [
                1.899280309677124,
                -0.5340486168861389,
                -0.5221150517463684
            ],
            "name": "google_Nescafe_Tasters_Choice_Instant_Coffee_Decaf_House_Blend_Light_7_oz_9",
            "projected_cuboid": [
                [
                    431.8196773529053,
                    464.2971456050873
                ],
                [
                    454.6264410018921,
                    454.887717962265
                ],
                [
                    428.9368987083435,
                    404.93243932724
                ],
                [
                    406.1935544013977,
                    414.7595167160034
                ],
                [
                    436.8787407875061,
                    479.3962240219116
                ],
                [
                    460.8936309814453,
                    469.62106227874756
                ],
                [
                    433.91603231430054,
                    417.17585921287537
                ],
                [
                    409.97087955474854,
                    427.41137742996216
                ],
                [
                    432.83480405807495,
                    441.4793848991394
                ]
            ],
            "provenance": "visii",
            "quaternion_xyzw": [
                0.4311804473400116,
                0.5855585336685181,
                -0.3002246618270874,
                0.6173086166381836
            ],
            "quaternion_xyzw_world": [
                0.9671361446380615,
                -0.08135295659303665,
                0.049602851271629333,
                0.23573105037212372
            ],
            "segmentation_id": 10,
            "visibility": 0
        },
        {
            "bounding_box_minx_maxx_miny_maxy": [
                -1,
                -1,
                -1,
                -1
            ],
            "class": "Remington",
            "local_cuboid": null,
            "local_to_world_matrix": [
                [
                    0.4235635995864868,
                    0.8903891444206238,
                    0.16673681139945984,
                    0.0
                ],
                [
                    0.12729805707931519,
                    0.12373197078704834,
                    -0.9841166734695435,
                    0.0
                ],
                [
                    -0.8968774080276489,
                    0.43806132674217224,
                    -0.06093645095825195,
                    0.0
                ],
                [
                    1.9392056465148926,
                    -0.7503693699836731,
                    -0.6514524221420288,
                    1.0
                ]
            ],
            "location": [
                0.7503693699836731,
                -0.6514524221420288,
                -1.9392056465148926
            ],
            "location_world": [
                1.9392056465148926,
                -0.7503693699836731,
                -0.6514524221420288
            ],
            "name": "google_Remington_TStudio_Silk_Ceramic_Hair_Straightener_2_Inch_Floating_Plates_10",
            "projected_cuboid": [
                [
                    466.3882851600647,
                    405.0077795982361
                ],
                [
                    449.2892324924469,
                    501.0596513748169
                ],
                [
                    452.1334171295166,
                    492.36178398132324
                ],
                [
                    468.7725305557251,
                    399.04719591140747
                ],
                [
                    508.9415907859802,
                    416.25675559043884
                ],
                [
                    490.43184518814087,
                    514.7542953491211
                ],
                [
                    492.0947551727295,
                    505.4011344909668
                ],
                [
                    510.0620985031128,
                    409.7791910171509
                ],
                [
                    479.4018864631653,
                    455.8306634426117
                ]
            ],
            "provenance": "visii",
            "quaternion_xyzw": [
                -0.2218390554189682,
                -0.04846394062042236,
                0.971002459526062,
                0.07478582859039307
            ],
            "quaternion_xyzw_world": [
                -0.5832598209381104,
                -0.4362066090106964,
                0.312956839799881,
                0.609581708908081
            ],
            "segmentation_id": 11,
            "visibility": 0
        },
        {
            "bounding_box_minx_maxx_miny_maxy": [
                -1,
                -1,
                -1,
                -1
            ],
            "class": "Predito",
            "local_cuboid": null,
            "local_to_world_matrix": [
                [
                    0.3649383783340454,
                    -0.7966383099555969,
                    -0.4818583130836487,
                    0.0
                ],
                [
                    -0.796807587146759,
                    -0.5349478721618652,
                    0.2809421122074127,
                    0.0
                ],
                [
                    -0.4815782904624939,
                    0.28142181038856506,
                    -0.8299905061721802,
                    0.0
                ],
                [
                    0.9737167358398438,
                    0.5082159042358398,
                    -0.34795182943344116,
                    1.0
                ]
            ],
            "location": [
                -0.5082159042358398,
                -0.34795182943344116,
                -0.9737167358398438
            ],
            "location_world": [
                0.9737167358398438,
                0.5082159042358398,
                -0.34795182943344116
            ],
            "name": "google_Predito_LZ_TRX_FG_W_11",
            "projected_cuboid": [
                [
                    -82.78784155845642,
                    540.2019023895264
                ],
                [
                    -64.68844413757324,
                    559.5465302467346
                ],
                [
                    -23.82996678352356,
                    476.9124984741211
                ],
                [
                    -48.79671335220337,
                    474.23118352890015
                ],
                [
                    -137.3237669467926,
                    523.4570503234863
                ],
                [
                    -132.66870379447937,
                    539.2478108406067
                ],
                [
                    -85.89249849319458,
                    454.68220114707947
                ],
                [
                    -99.47773814201355,
                    456.27403259277344
                ],
                [
                    -84.18688178062439,
                    501.66523456573486
                ]
            ],
            "provenance": "visii",
            "quaternion_xyzw": [
                0.5084578990936279,
                0.02610321342945099,
                -0.31780415773391724,
                0.7998685240745544
            ],
            "quaternion_xyzw_world": [
                0.8261169195175171,
                -0.48220956325531006,
                -0.2915557622909546,
                -0.00014516309602186084
            ],
            "segmentation_id": 12,
            "visibility": 0
        },
        {
            "bounding_box_minx_maxx_miny_maxy": [
                25,
                195,
                179,
                278
            ],
            "class": "Fresca",
            "local_cuboid": null,
            "local_to_world_matrix": [
                [
                    -0.07458364963531494,
                    -0.9793309569358826,
                    -0.18801110982894897,
                    0.0
                ],
                [
                    0.7308833003044128,
                    -0.18194687366485596,
                    0.6578031182289124,
                    0.0
                ],
                [
                    -0.6784150004386902,
                    -0.08835285902023315,
                    0.7293468713760376,
                    0.0
                ],
                [
                    1.548401951789856,
                    0.3524121940135956,
                    0.010463172569870949,
                    1.0
                ]
            ],
            "location": [
                -0.3524121940135956,
                0.010463172569870949,
                -1.548401951789856
            ],
            "location_world": [
                1.548401951789856,
                0.3524121940135956,
                0.010463172569870949
            ],
            "name": "google_Fresca_Peach_Citrus_Sparkling_Flavored_Soda_12_PK_12",
            "projected_cuboid": [
                [
                    183.51656198501587,
                    241.09762907028198
                ],
                [
                    198.28730821609497,
                    204.68389987945557
                ],
                [
                    196.7938393354416,
                    243.23810636997223
                ],
                [
                    182.7971339225769,
                    280.1426351070404
                ],
                [
                    15.67704975605011,
                    208.7934911251068
                ],
                [
                    41.363999247550964,
                    175.2632111310959
                ],
                [
                    48.449769616127014,
                    214.6940678358078
                ],
                [
                    24.734601378440857,
                    248.9320933818817
                ],
                [
                    111.0367476940155,
                    226.92887485027313
                ]
            ],
            "provenance": "visii",
            "quaternion_xyzw": [
                -0.40097159147262573,
                0.003780961036682129,
                -0.10158853977918625,
                0.9104324579238892
            ],
            "quaternion_xyzw_world": [
                0.3074151873588562,
                -0.20204569399356842,
                -0.7046058177947998,
                0.6067982316017151
            ],
            "segmentation_id": 13,
            "visibility": 1
        },
        {
