{
    "camera_data": {
        "camera_look_at": {
            "at": [
                1.0,
                0.0,
                0.0
            ],
            "eye": [
                0.0,
                0.0,
                0.0
            ],
            "up": [
                0.0,
                0.0,
                1.0
            ]
        },
        "camera_view_matrix": [
            [
                0.0,
                0.0,
                -1.0,
                0.0
            ],
            [
                -1.0,
                0.0,
                0.0,
                0.0
            ],
            [
                0.0,
                1.0,
                0.0,
                0.0
            ],
            [
                0.0,
                0.0,
                0.0,
                1.0
            ]
        ],
        "height": 500,
        "intrinsics": {
            "cx": 250.0,
            "cy": 250.0,
            "fx": 603.5535278320312,
            "fy": 603.5535278320312
        },
        "location_world": [
            0.0,
            0.0,
            0.0
        ],
        "quaternion_world_xyzw": [
            0.5,
            -0.5,
            -0.5,
            0.5
        ],
        "width": 500
    },
    "objects": [
        {
            "bounding_box_minx_maxx_miny_maxy": [
                200,
                245,
                87,
                133
            ],
            "class": "Perricone",
            "local_cuboid": null,
            "local_to_world_matrix": [
                [
                    -0.5597188472747803,
                    -0.6744676232337952,
                    -0.4814646244049072,
                    0.0
                ],
                [
                    0.7928038239479065,
                    -0.6049408912658691,
                    -0.07421967387199402,
                    0.0
                ],
                [
                    -0.24119891226291656,
                    -0.42324909567832947,
                    0.8733174204826355,
                    0.0
                ],
                [
                    1.8723922967910767,
                    0.1065889522433281,
                    0.38633811473846436,
                    1.0
                ]
            ],
            "location": [
                -0.1065889522433281,
                0.38633811473846436,
                -1.8723922967910767
            ],
            "location_world": [
                1.8723922967910767,
                0.1065889522433281,
                0.38633811473846436
            ],
            "name": "google_Perricone_MD_Photo_Plasma_0",
            "projected_cuboid": [
                [
                    234.2890352010727,
                    96.66047990322113
                ],
                [
                    247.65019118785858,
                    102.54763066768646
                ],
                [
                    233.32853615283966,
                    134.1625154018402
                ],
                [
                    219.74599361419678,
                    129.25726175308228
                ],
                [
                    211.51097118854523,
                    84.95000004768372
                ],
                [
                    225.07520020008087,
                    90.97214043140411
                ],
                [
                    211.4902138710022,
                    121.76750600337982
                ],
                [
                    197.73463904857635,
                    116.67551100254059
                ],
                [
                    222.47189283370972,
                    109.67397689819336
                ]
            ],
            "provenance": "visii",
            "quaternion_xyzw": [
                0.6138990521430969,
                0.05028364062309265,
                0.40029704570770264,
                -0.6784995794296265
            ],
            "quaternion_xyzw_world": [
                -0.20730695128440857,
                -0.14270643889904022,
                0.8714897036552429,
                -0.42090898752212524
            ],
            "segmentation_id": 1,
            "visibility": 1
        },
        {
            "bounding_box_minx_maxx_miny_maxy": [
                -1,
                -1,
                -1,
                -1
            ],
            "class": "Glycerin",
            "local_cuboid": null,
            "local_to_world_matrix": [
                [
                    0.09109824895858765,
                    0.3047100007534027,
                    0.9480785131454468,
                    0.0
                ],
                [
                    0.9953699111938477,
                    0.0014473199844360352,
                    -0.09610748291015625,
                    0.0
                ],
                [
                    -0.030657082796096802,
                    0.9524440765380859,
                    -0.30316734313964844,
                    0.0
                ],
                [
                    0.26222163438796997,
                    0.17343145608901978,
                    0.3536016047000885,
                    1.0
                ]
            ],
            "location": [
                -0.17343145608901978,
                0.3536016047000885,
                -0.26222163438796997
            ],
            "location_world": [
                0.26222163438796997,
                0.17343145608901978,
                0.3536016047000885
            ],
            "name": "google_Glycerin_11_Color_BrllntBluSkydvrSlvrBlckWht_Size_80_1",
            "projected_cuboid": [
                [
                    -1484.8743677139282,
                    -1824.5282173156738
                ],
                [
                    -217.16976165771484,
                    -265.26033878326416
                ],
                [
                    -26.16649866104126,
                    -319.45860385894775
                ],
                [
                    -747.6590871810913,
                    -1964.6599292755127
                ],
                [
                    -1454.121470451355,
                    -1368.8719272613525
                ],
                [
                    -175.29162764549255,
                    -109.63559150695801
                ],
                [
                    20.38682997226715,
                    -166.86978936195374
                ],
                [
                    -641.4490342140198,
                    -1541.6818857192993
                ],
                [
                    -302.7489185333252,
                    -522.7208733558655
                ]
            ],
            "provenance": "visii",
            "quaternion_xyzw": [
                0.4361021816730499,
                0.542665958404541,
                -0.5982212424278259,
                -0.39681217074394226
            ],
            "quaternion_xyzw_world": [
                0.5900886058807373,
                0.5507985949516296,
                0.38867953419685364,
                -0.44423481822013855
            ],
            "segmentation_id": 2,
            "visibility": 0
        },
        {
            "bounding_box_minx_maxx_miny_maxy": [
                -1,
                -1,
                -1,
                -1
            ],
            "class": "Jansport",
            "local_cuboid": null,
            "local_to_world_matrix": [
                [
                    -0.13012099266052246,
                    0.8927887082099915,
                    0.4312736690044403,
                    0.0
                ],
                [
                    0.9914435744285583,
                    0.11259621381759644,
                    0.06604380905628204,
                    0.0
                ],
                [
                    0.010403364896774292,
                    0.43617719411849976,
                    -0.8998007774353027,
                    0.0
                ],
                [
                    0.6999303102493286,
                    -0.4465291202068329,
                    -0.11917972564697266,
                    1.0
                ]
            ],
            "location": [
                0.4465291202068329,
                -0.11917972564697266,
                -0.6999303102493286
            ],
            "location_world": [
                0.6999303102493286,
                -0.4465291202068329,
                -0.11917972564697266
            ],
            "name": "google_Jansport_School_Backpack_Blue_Streak_2",
            "projected_cuboid": [
                [
                    376.5546381473541,
                    788.0889177322388
                ],
                [
                    293.96772384643555,
                    543.2926416397095
                ],
                [
                    428.86126041412354,
                    267.0608460903168
                ],
                [
                    612.1460199356079,
                    309.48492884635925
                ],
                [
                    719.106912612915,
                    912.8661155700684
                ],
                [
                    503.13395261764526,
                    630.4444074630737
                ],
                [
                    632.1620941162109,
                    368.82591247558594
                ],
                [
                    937.3260140419006,
                    476.5024185180664
                ],
                [
                    541.461169719696,
                    517.5991058349609
                ]
            ],
            "provenance": "visii",
            "quaternion_xyzw": [
                0.11354616284370422,
                0.7016473412513733,
                -0.6738585829734802,
                -0.2017745077610016
            ],
            "quaternion_xyzw_world": [
                0.6436387896537781,
                0.7318671345710754,
                0.17155469954013824,
                -0.14376595616340637
            ],
            "segmentation_id": 3,
            "visibility": 0
        },
        {
            "bounding_box_minx_maxx_miny_maxy": [
                25,
                42,
                117,
                175
            ],
            "class": "Mario",
            "local_cuboid": null,
            "local_to_world_matrix": [
                [
                    -0.6830027103424072,
                    -0.11200889945030212,
                    0.7217764854431152,
                    0.0
                ],
                [
                    -0.7286434173583984,
                    0.03568357229232788,
                    -0.6839630603790283,
                    0.0
                ],
                [
                    0.05085441470146179,
                    -0.9930663108825684,
                    -0.10598647594451904,
                    0.0
                ],
                [
                    1.84660804271698,
                    0.673466682434082,
                    0.3202894330024719,
                    1.0
                ]
            ],
            "location": [
                -0.673466682434082,
                0.3202894330024719,
                -1.84660804271698
            ],
            "location_world": [
                1.84660804271698,
                0.673466682434082,
                0.3202894330024719
            ],
            "name": "google_Mario_Luigi_Dream_Team_Nintendo_3DS_Game_3",
            "projected_cuboid": [
                [
                    38.34705054759979,
                    115.67762494087219
                ],
                [
                    25.814563035964966,
                    138.1344199180603
                ],
                [
                    20.143985748291016,
                    137.48764991760254
                ],
                [
                    32.96230733394623,
                    115.05275964736938
                ],
                [
                    43.80045831203461,
                    153.04936468601227
                ],
                [
                    32.173410058021545,
                    176.2087345123291
                ],
                [
                    26.79385244846344,
                    175.61191320419312
                ],
                [
                    38.67878019809723,
                    152.47073769569397
                ],
                [
                    32.56745636463165,
                    145.66005766391754
                ]
            ],
            "provenance": "visii",
            "quaternion_xyzw": [
                -0.6794899702072144,
                -0.25242942571640015,
                -0.6166644096374512,
                -0.307079553604126
            ],
            "quaternion_xyzw_world": [
                -0.31116726994514465,
                0.6754022240638733,
                -0.6207520961761475,
                -0.24834167957305908
            ],
            "segmentation_id": 4,
            "visibility": 1
        },
        {
            "bounding_box_minx_maxx_miny_maxy": [
                74,
                499,
                219,
                500
            ],
            "class": "INTERNATIONAL",
            "local_cuboid": null,
            "local_to_world_matrix": [
                [
                    -0.18024790287017822,
                    0.9252949953079224,
                    -0.33367639780044556,
                    0.0
                ],
                [
                    -0.32601824402809143,
                    0.26385706663131714,
                    0.9077948927879333,
                    0.0
                ],
                [
                    0.9280208945274353,
                    0.2724127173423767,
                    0.2541033625602722,
                    0.0
                ],
                [
                    0.15891283750534058,
                    -0.12946023046970367,
                    -0.1448712795972824,
                    1.0
                ]
            ],
            "location": [
                0.12946023046970367,
                -0.1448712795972824,
                -0.15891283750534058
            ],
            "location_world": [
                0.15891283750534058,
                -0.12946023046970367,
                -0.1448712795972824
            ],
            "name": "google_INTERNATIONAL_PAPER_Willamette_4_Brown_Bag_500Count_4",
            "projected_cuboid": [
                [
                    252.27853655815125,
                    782.5230360031128
                ],
                [
                    68.5218870639801,
                    348.61475229263306
                ],
                [
                    62.47296929359436,
                    718.945324420929
                ],
                [
                    384.2450976371765,
                    1295.678973197937
                ],
                [
                    677.2390604019165,
                    556.0687780380249
                ],
                [
                    658.2565307617188,
                    129.98244166374207
                ],
                [
                    1196.343183517456,
                    171.56681418418884
                ],
                [
                    1025.5557298660278,
                    827.6932835578918
                ],
                [
                    550.1872301101685,
                    589.7300243377686
                ]
            ],
            "provenance": "visii",
            "quaternion_xyzw": [
                -0.1540544182062149,
                0.9696791172027588,
                0.14956538379192352,
                -0.11670368909835815
            ],
            "quaternion_xyzw_world": [
                0.2746778428554535,
                0.5454359650611877,
                0.540946900844574,
                0.5782976150512695
            ],
            "segmentation_id": 5,
            "visibility": 1
        },
        {
            "bounding_box_minx_maxx_miny_maxy": [
                -1,
                -1,
                -1,
                -1
            ],
            "class": "LEGO",
            "local_cuboid": null,
            "local_to_world_matrix": [
                [
                    6.747245788574219e-05,
                    -0.0924542248249054,
                    0.99571692943573,
                    0.0
                ],
                [
                    0.9995989799499512,
                    0.028203129768371582,
                    0.0025509297847747803,
                    0.0
                ],
                [
                    -0.028318166732788086,
                    0.9953174591064453,
                    0.09241902828216553,
                    0.0
                ],
                [
                    1.829772710800171,
                    -0.08366060256958008,
                    -0.6035392880439758,
                    1.0
                ]
            ],
            "location": [
                0.08366060256958008,
                -0.6035392880439758,
                -1.829772710800171
            ],
            "location_world": [
                1.829772710800171,
                -0.08366060256958008,
                -0.6035392880439758
            ],
            "name": "google_LEGO_5887_Dino_Defense_HQ_5",
            "projected_cuboid": [
                [
                    194.6503221988678,
                    378.7195682525635
                ],
                [
                    201.3626992702484,
                    355.90285062789917
                ],
                [
                    280.56392073631287,
                    362.84568905830383
                ],
                [
                    290.6251549720764,
                    387.02714443206787
                ],
                [
                    179.2319416999817,
                    544.7642207145691
                ],
                [
                    188.64521384239197,
                    492.8618371486664
                ],
                [
                    267.89501309394836,
                    499.29457902908325
                ],
                [
                    275.2781808376312,
                    552.3226261138916
                ],
                [
                    234.85539853572845,
                    444.9049234390259
                ]
            ],
            "provenance": "visii",
            "quaternion_xyzw": [
                -0.5151662230491638,
                -0.469515323638916,
                0.48304063081741333,
                0.5299347639083862
            ],
            "quaternion_xyzw_world": [
                -0.46889373660087585,
                -0.4836622178554535,
                -0.5157878398895264,
                0.5293131470680237
            ],
            "segmentation_id": 6,
            "visibility": 0
        },
        {
            "bounding_box_minx_maxx_miny_maxy": [
                -1,
                -1,
                -1,
                -1
            ],
            "class": "Mens",
            "local_cuboid": null,
            "local_to_world_matrix": [
                [
                    0.39850157499313354,
                    -0.9135999083518982,
                    -0.08081935346126556,
                    0.0
                ],
                [
                    -0.7304697632789612,
                    -0.3694349527359009,
                    0.5743969082832336,
                    0.0
                ],
                [
                    -0.5546264052391052,
                    -0.16986198723316193,
                    -0.814577579498291,
                    0.0
                ],
                [
                    0.3949158191680908,
                    -0.2864300608634949,
                    -0.007352502550929785,
                    1.0
                ]
            ],
            "location": [
                0.2864300608634949,
                -0.007352502550929785,
                -0.3949158191680908
            ],
            "location_world": [
                0.3949158191680908,
                -0.2864300608634949,
                -0.007352502550929785
            ],
            "name": "google_Mens_ASV_Shock_Light_Bungee_in_Light_Grey_xGCOvtLDnQJ_6",
            "projected_cuboid": [
                [
                    650.309145450592,
                    501.6902685165405
                ],
                [
                    1252.2075176239014,
                    311.531662940979
                ],
                [
                    1003.1130313873291,
                    112.60752379894257
                ],
                [
                    576.9606828689575,
                    359.0274751186371
                ],
                [
                    548.4657287597656,
                    515.0794982910156
                ],
                [
                    1171.899676322937,
                    298.7171411514282
                ],
                [
                    902.6610851287842,
                    71.22188806533813
                ],
                [
                    482.46580362319946,
                    357.831209897995
                ],
                [
                    743.8601851463318,
                    342.10848808288574
                ]
            ],
            "provenance": "visii",
            "quaternion_xyzw": [
                0.44288164377212524,
                0.16291916370391846,
                -0.12906360626220703,
                0.8721557855606079
            ],
            "quaternion_xyzw_world": [
                0.8035101294517517,
                -0.5115273594856262,
                -0.197709321975708,
                0.23156486451625824
            ],
            "segmentation_id": 7,
            "visibility": 0
        },
        {
            "bounding_box_minx_maxx_miny_maxy": [
                -1,
                -1,
                -1,
                -1
            ],
            "class": "Twinlab",
            "local_cuboid": null,
            "local_to_world_matrix": [
                [
                    -0.20142996311187744,
                    0.47229740023612976,
                    -0.8581148386001587,
                    0.0
                ],
                [
                    -0.006944000720977783,
                    -0.8767383098602295,
                    -0.4809175133705139,
                    0.0
                ],
                [
                    -0.9794782400131226,
                    -0.09091244637966156,
                    0.17988097667694092,
                    0.0
                ],
                [
                    0.4230829179286957,
                    0.48082292079925537,
                    0.43031200766563416,
                    1.0
                ]
            ],
            "location": [
                -0.48082292079925537,
                0.43031200766563416,
                -0.4230829179286957
            ],
            "location_world": [
                0.4230829179286957,
                0.48082292079925537,
                0.43031200766563416
            ],
            "name": "google_Twinlab_100_Whey_Protein_Fuel_Chocolate_7",
            "projected_cuboid": [
                [
                    -1952.0857334136963,
                    -1495.6910610198975
                ],
                [
                    -1426.5390634536743,
                    -1211.23206615448
                ],
                [
                    -417.01042652130127,
                    -231.88260197639465
                ],
                [
                    -618.7295317649841,
                    -342.22179651260376
                ],
                [
                    -1333.4075212478638,
                    -1636.8838548660278
                ],
                [
                    -894.6386575698853,
                    -1402.193546295166
                ],
                [
                    -265.73652029037476,
                    -383.6759924888611
                ],
                [
                    -453.21130752563477,
                    -485.6427311897278
                ],
                [
                    -704.9010396003723,
                    -673.2707023620605
                ]
            ],
            "provenance": "visii",
            "quaternion_xyzw": [
                0.08535490185022354,
                0.05454710125923157,
                0.8562554121017456,
                -0.5065232515335083
            ],
            "quaternion_xyzw_world": [
                -0.6114383339881897,
                -0.19026996195316315,
                0.7513403296470642,
                0.15946215391159058
            ],
            "segmentation_id": 8,
            "visibility": 0
        },
        {
            "bounding_box_minx_maxx_miny_maxy": [
                468,
                499,
                194,
                226
            ],
            "class": "Timberland",
            "local_cuboid": null,
            "local_to_world_matrix": [
                [
                    -0.5562965869903564,
                    0.10710670053958893,
                    -0.8240524530410767,
                    0.0
                ],
                [
                    0.29417484998703003,
                    -0.9020583629608154,
                    -0.3158354163169861,
                    0.0
                ],
                [
                    -0.7771713733673096,
                    -0.418113648891449,
                    0.4703037738800049,
                    0.0
                ],
                [
                    1.1144611835479736,
                    -0.5038851499557495,
                    0.019214220345020294,
                    1.0
                ]
            ],
            "location": [
                0.5038851499557495,
                0.019214220345020294,
                -1.1144611835479736
            ],
            "location_world": [
                1.1144611835479736,
                -0.5038851499557495,
                0.019214220345020294
            ],
            "name": "google_Timberland_Mens_Earthkeepers_Stormbuck_Chukka_8",
            "projected_cuboid": [
                [
                    509.68003273010254,
                    201.89496874809265
                ],
                [
                    647.9959487915039,
                    262.4092102050781
                ],
                [
                    590.362548828125,
                    290.5462086200714
                ],
                [
                    459.02448892593384,
                    237.7241998910904
                ],
                [
                    500.7624626159668,
                    149.31553602218628
                ],
                [
                    631.9172382354736,
                    210.68693697452545
                ],
                [
                    578.5385966300964,
                    241.24687910079956
                ],
                [
                    453.7268877029419,
                    187.39736080169678
                ],
                [
                    548.0214357376099,
                    223.806694149971
                ]
            ],
            "provenance": "visii",
            "quaternion_xyzw": [
                0.32846513390541077,
                0.05937153100967407,
                0.7416389584541321,
                -0.5818567872047424
            ],
            "quaternion_xyzw_world": [
                -0.46782955527305603,
                -0.21443790197372437,
                0.8556662201881409,
                -0.05465570464730263
            ],
            "segmentation_id": 9,
            "visibility": 1
        },
        {
            "bounding_box_minx_maxx_miny_maxy": [
                -1,
                -1,
                -1,
                -1
            ],
            "class": "Nescafe",
            "local_cuboid": null,
            "local_to_world_matrix": [
                [
                    0.7484548091888428,
                    -0.15231819450855255,
                    -0.6454569101333618,
                    0.0
                ],
                [
                    -0.3877294063568115,
                    -0.8901021480560303,
                    -0.23955002427101135,
                    0.0
                ],
                [
                    -0.5380346775054932,
                    0.4295549690723419,
                    -0.72525954246521,
                    0.0
                ],
                [
                    1.9149701595306396,
                    -0.7004855275154114,
                    -0.2858271300792694,
                    1.0
                ]
            ],
            "location": [
                0.7004855275154114,
                -0.2858271300792694,
                -1.9149701595306396
            ],
            "location_world": [
                1.9149701595306396,
                -0.7004855275154114,
                -0.2858271300792694
            ],
            "name": "google_Nescafe_Tasters_Choice_Instant_Coffee_Decaf_House_Blend_Light_7_oz_9",
            "projected_cuboid": [
                [
                    441.6240453720093,
                    392.98194646835327
                ],
                [
                    468.0171012878418,
                    401.6147255897522
                ],
                [
                    481.63658380508423,
                    351.79269313812256
                ],
                [
                    456.3717842102051,
                    344.37689185142517
                ],
                [
                    444.4034695625305,
                    377.7295649051666
                ],
                [
                    471.9299077987671,
                    386.45148277282715
                ],
                [
                    485.8693480491638,
                    335.5044424533844
                ],
                [
                    459.5690369606018,
                    328.0690610408783
                ],
                [
                    463.727205991745,
                    364.2684519290924
                ]
            ],
            "provenance": "visii",
            "quaternion_xyzw": [
                0.4620155990123749,
                0.13237932324409485,
                -0.6374297142028809,
                0.6022464036941528
            ],
            "quaternion_xyzw_world": [
                0.9170355200767517,
                -0.1472264677286148,
                -0.322640597820282,
                -0.18240977823734283
            ],
            "segmentation_id": 10,
            "visibility": 0
        },
        {
            "bounding_box_minx_maxx_miny_maxy": [
                -1,
                -1,
                -1,
                -1
            ],
            "class": "Remington",
            "local_cuboid": null,
            "local_to_world_matrix": [
                [
                    0.39200514554977417,
                    0.698308527469635,
                    -0.598913311958313,
                    0.0
                ],
                [
                    -0.41439610719680786,
                    -0.44719743728637695,
                    -0.7926476001739502,
                    0.0
                ],
                [
                    -0.8213450908660889,
                    0.5589092969894409,
                    0.11407268047332764,
                    0.0
                ],
                [
                    1.9360169172286987,
                    -0.7718291282653809,
                    -0.5061587691307068,
                    1.0
                ]
            ],
            "location": [
                0.7718291282653809,
                -0.5061587691307068,
                -1.9360169172286987
            ],
            "location_world": [
                1.9360169172286987,
                -0.7718291282653809,
                -0.5061587691307068
            ],
            "name": "google_Remington_TStudio_Silk_Ceramic_Hair_Straightener_2_Inch_Floating_Plates_10",
            "projected_cuboid": [
                [
                    437.2052848339081,
                    376.4626979827881
                ],
                [
                    498.11631441116333,
                    469.50918436050415
                ],
                [
                    502.76875495910645,
                    465.62662720680237
                ],
                [
                    443.1791305541992,
                    375.3230571746826
                ],
                [
                    469.10855174064636,
                    356.354296207428
                ],
                [
                    534.0542197227478,
                    450.42741298675537
                ],
                [
                    537.773847579956,
                    447.0028877258301
                ],
                [
                    474.3556082248688,
                    355.7373285293579
                ],
                [
                    485.80288887023926,
                    410.54975986480713
                ]
            ],
            "provenance": "visii",
            "quaternion_xyzw": [
                -0.26124411821365356,
                0.14518588781356812,
                0.9099864363670349,
                -0.2873973250389099
            ],
            "quaternion_xyzw_world": [
                -0.6567209959030151,
                -0.10807954519987106,
                0.5406627655029297,
                0.5145095586776733
            ],
            "segmentation_id": 11,
            "visibility": 0
        },
        {
            "bounding_box_minx_maxx_miny_maxy": [
                -1,
                -1,
                -1,
                -1
            ],
            "class": "Predito",
            "local_cuboid": null,
            "local_to_world_matrix": [
                [
                    0.5263934135437012,
                    0.037150174379348755,
                    -0.8494291305541992,
                    0.0
                ],
                [
                    0.5524444580078125,
                    0.744477391242981,
                    0.37491127848625183,
                    0.0
                ],
                [
                    0.6463087797164917,
                    -0.6666132211685181,
                    0.3713645935058594,
                    0.0
                ],
                [
                    0.8638120889663696,
                    0.5505592823028564,
                    -0.21613208949565887,
                    1.0
                ]
            ],
            "location": [
                -0.5505592823028564,
                -0.21613208949565887,
                -0.8638120889663696
            ],
            "location_world": [
                0.8638120889663696,
                0.5505592823028564,
                -0.21613208949565887
            ],
            "name": "google_Predito_LZ_TRX_FG_W_11",
            "projected_cuboid": [
                [
                    -8.12104344367981,
                    427.89143323898315
                ],
                [
                    -85.64263582229614,
                    345.86620330810547
                ],
                [
                    -158.3358645439148,
                    379.45014238357544
                ],
                [
                    -86.74296736717224,
                    474.73493218421936
                ],
                [
                    -20.426154136657715,
                    382.4423551559448
                ],
                [
                    -99.92378950119019,
                    303.07459831237793
                ],
                [
                    -177.58303880691528,
                    335.00856161117554
                ],
                [
                    -105.12986779212952,
                    427.9027283191681
                ],
                [
                    -93.95211935043335,
                    380.8470666408539
                ]
            ],
            "provenance": "visii",
            "quaternion_xyzw": [
                -0.5554834604263306,
                0.7173510789871216,
                -0.06310713291168213,
                0.415768027305603
            ],
            "quaternion_xyzw_world": [
                0.3203714191913605,
                0.46008679270744324,
                -0.15850377082824707,
                0.8127477169036865
            ],
            "segmentation_id": 12,
            "visibility": 0
        },
        {
            "bounding_box_minx_maxx_miny_maxy": [
                0,
                30,
                102,
                184
            ],
            "class": "Fresca",
            "local_cuboid": null,
            "local_to_world_matrix": [
                [
                    0.850778341293335,
                    0.5223953723907471,
                    -0.05726531147956848,
                    0.0
                ],
                [
                    0.0905865877866745,
                    -0.03844165802001953,
                    0.9951463937759399,
                    0.0
                ],
                [
                    0.5176584720611572,
                    -0.8518364429473877,
                    -0.08002734184265137,
                    0.0
                ],
                [
                    1.5124189853668213,
                    0.7274224162101746,
                    0.26796701550483704,
                    1.0
                ]
            ],
            "location": [
                -0.7274224162101746,
                0.26796701550483704,
                -1.5124189853668213
            ],
            "location_world": [
                1.5124189853668213,
                0.7274224162101746,
                0.26796701550483704
            ],
            "name": "google_Fresca_Peach_Citrus_Sparkling_Flavored_Soda_12_PK_12",
            "projected_cuboid": [
                [
                    -0.9419023990631104,
                    189.13599848747253
                ],
                [
                    2.699136734008789,
                    141.96303486824036
                ],
                [
                    -46.494513750076294,
                    133.97841155529022
                ],
                [
                    -50.65104365348816,
                    182.9761117696762
                ],
                [
                    28.715118765830994,
                    163.98102045059204
                ],
                [
                    32.98527002334595,
                    105.44532537460327
                ],
                [
                    -27.384459972381592,
                    93.57984364032745
                ],
                [
                    -32.441914081573486,
                    154.95070815086365
                ],
                [
                    -12.446701526641846,
                    147.56076037883759
                ]
            ],
            "provenance": "visii",
            "quaternion_xyzw": [
                -0.005402319133281708,
                0.8710913062095642,
                -0.04896557331085205,
                0.48864418268203735
            ],
            "quaternion_xyzw_world": [
                0.7016493678092957,
                0.2184075117111206,
                0.16403962671756744,
                0.6580861210823059
            ],
            "segmentation_id": 13,
