{
    "camera_data": {
        "camera_look_at": {
            "at": [
                1.0,
                0.0,
                0.0
            ],
            "eye": [
                0.0,
                0.0,
                0.0
            ],
            "up": [
                0.0,
                0.0,
                1.0
            ]
        },
        "camera_view_matrix": [
            [
                0.0,
                0.0,
                -1.0,
                0.0
            ],
            [
                -1.0,
                0.0,
                0.0,
                0.0
            ],
            [
                0.0,
                1.0,
                0.0,
                0.0
            ],
            [
                0.0,
                0.0,
                0.0,
                1.0
            ]
        ],
        "height": 500,
        "intrinsics": {
            "cx": 250.0,
            "cy": 250.0,
            "fx": 603.5535278320312,
            "fy": 603.5535278320312
        },
        "location_world": [
            0.0,
            0.0,
            0.0
        ],
        "quaternion_world_xyzw": [
            0.5,
            -0.5,
            -0.5,
            0.5
        ],
        "width": 500
    },
    "objects": [
        {
            "bounding_box_minx_maxx_miny_maxy": [
                188,
                237,
                81,
                131
            ],
            "class": "Perricone",
            "local_cuboid": null,
            "local_to_world_matrix": [
                [
                    -0.05279088020324707,
                    -0.7158595323562622,
                    -0.6962458491325378,
                    0.0
                ],
                [
                    0.8128143548965454,
                    -0.43584179878234863,
                    0.3864904046058655,
                    0.0
                ],
                [
                    -0.5801258683204651,
                    -0.5455154180526733,
                    0.6048693656921387,
                    0.0
                ],
                [
                    1.8858808279037476,
                    0.14259426295757294,
                    0.4118320643901825,
                    1.0
                ]
            ],
            "location": [
                -0.14259426295757294,
                0.4118320643901825,
                -1.8858808279037476
            ],
            "location_world": [
                1.8858808279037476,
                0.14259426295757294,
                0.4118320643901825
            ],
            "name": "google_Perricone_MD_Photo_Plasma_0",
            "projected_cuboid": [
                [
                    229.1419804096222,
                    106.8069189786911
                ],
                [
                    239.02271687984467,
                    102.68259048461914
                ],
                [
                    221.26834094524384,
                    127.45636701583862
                ],
                [
                    211.20473742485046,
                    132.15291500091553
                ],
                [
                    203.8145661354065,
                    82.55477249622345
                ],
                [
                    214.38975632190704,
                    79.13637161254883
                ],
                [
                    197.47069478034973,
                    104.58675026893616
                ],
                [
                    186.75968050956726,
                    108.61800611019135
                ],
                [
                    212.79624104499817,
                    105.66107928752899
                ]
            ],
            "provenance": "visii",
            "quaternion_xyzw": [
                -0.4327942132949829,
                0.15042024850845337,
                -0.3456066846847534,
                0.8189132809638977
            ],
            "quaternion_xyzw_world": [
                0.4410730004310608,
                0.0549539253115654,
                -0.7234469652175903,
                0.5282605290412903
            ],
            "segmentation_id": 1,
            "visibility": 1
        },
        {
            "bounding_box_minx_maxx_miny_maxy": [
                -1,
                -1,
                -1,
                -1
            ],
            "class": "Glycerin",
            "local_cuboid": null,
            "local_to_world_matrix": [
                [
                    0.590187668800354,
                    0.1747034639120102,
                    0.788135290145874,
                    0.0
                ],
                [
                    0.4453883767127991,
                    -0.884730339050293,
                    -0.13740947842597961,
                    0.0
                ],
                [
                    0.6732813119888306,
                    0.43212369084358215,
                    -0.5999678373336792,
                    0.0
                ],
                [
                    0.2700737714767456,
                    0.17631298303604126,
                    0.5044417381286621,
                    1.0
                ]
            ],
            "location": [
                -0.17631298303604126,
                0.5044417381286621,
                -0.2700737714767456
            ],
            "location_world": [
                0.2700737714767456,
                0.17631298303604126,
                0.5044417381286621
            ],
            "name": "google_Glycerin_11_Color_BrllntBluSkydvrSlvrBlckWht_Size_80_1",
            "projected_cuboid": [
                [
                    -448.0184316635132,
                    -650.7418751716614
                ],
                [
                    106.29895329475403,
                    -333.1162929534912
                ],
                [
                    166.05263948440552,
                    -607.9994440078735
                ],
                [
                    -567.7720904350281,
                    -1205.3080797195435
                ],
                [
                    -590.1628136634827,
                    -676.6765117645264
                ],
                [
                    112.56948113441467,
                    -293.14082860946655
                ],
                [
                    188.18038702011108,
                    -620.1518177986145
                ],
                [
                    -838.7085199356079,
                    -1480.5736541748047
                ],
                [
                    -143.2170569896698,
                    -636.0863447189331
                ]
            ],
            "provenance": "visii",
            "quaternion_xyzw": [
                0.6395286321640015,
                0.6539448499679565,
                -0.3996347486972809,
                0.06042709946632385
            ],
            "quaternion_xyzw_world": [
                0.876767635345459,
                0.17681191861629486,
                0.41670578718185425,
                -0.16239570081233978
            ],
            "segmentation_id": 2,
            "visibility": 0
        },
        {
            "bounding_box_minx_maxx_miny_maxy": [
                275,
                499,
                1,
                145
            ],
            "class": "Jansport",
            "local_cuboid": null,
            "local_to_world_matrix": [
                [
                    -0.7917323112487793,
                    0.5699595808982849,
                    0.21978667378425598,
                    0.0
                ],
                [
                    -0.2707323431968689,
                    -0.004862785339355469,
                    -0.9626424312591553,
                    0.0
                ],
                [
                    -0.5475984811782837,
                    -0.8216583728790283,
                    0.15815645456314087,
                    0.0
                ],
                [
                    1.0833892822265625,
                    -0.12265639752149582,
                    0.3969510793685913,
                    1.0
                ]
            ],
            "location": [
                0.12265639752149582,
                0.3969510793685913,
                -1.0833892822265625
            ],
            "location_world": [
                1.0833892822265625,
                -0.12265639752149582,
                0.3969510793685913
            ],
            "name": "google_Jansport_School_Backpack_Blue_Streak_2",
            "projected_cuboid": [
                [
                    555.1565885543823,
                    -307.487428188324
                ],
                [
                    604.4832468032837,
                    -59.51488018035889
                ],
                [
                    259.9817216396332,
                    72.76099920272827
                ],
                [
                    257.86057114601135,
                    -127.79861688613892
                ],
                [
                    590.930700302124,
                    -106.94268345832825
                ],
                [
                    629.0092468261719,
                    86.72454953193665
                ],
                [
                    363.1840944290161,
                    156.58193826675415
                ],
                [
                    353.378564119339,
                    -5.701541900634766
                ],
                [
                    437.80046701431274,
                    -23.793727159500122
                ]
            ],
            "provenance": "visii",
            "quaternion_xyzw": [
                0.4596423804759979,
                0.12218707799911499,
                0.8775250315666199,
                0.0612301230430603
            ],
            "quaternion_xyzw_world": [
                -0.11723270267248154,
                -0.6381052136421204,
                0.699062168598175,
                0.3006499111652374
            ],
            "segmentation_id": 3,
            "visibility": 1
        },
        {
            "bounding_box_minx_maxx_miny_maxy": [
                122,
                166,
                3,
                47
            ],
            "class": "Mario",
            "local_cuboid": null,
            "local_to_world_matrix": [
                [
                    0.41168028116226196,
                    -0.7624715566635132,
                    0.49915578961372375,
                    0.0
                ],
                [
                    -0.7707605361938477,
                    0.000940859317779541,
                    0.6371241211891174,
                    0.0
                ],
                [
                    -0.4862586557865143,
                    -0.6470209956169128,
                    -0.587295651435852,
                    0.0
                ],
                [
                    1.8190841674804688,
                    0.31950482726097107,
                    0.6979748010635376,
                    1.0
                ]
            ],
            "location": [
                -0.31950482726097107,
                0.6979748010635376,
                -1.8190841674804688
            ],
            "location_world": [
                1.8190841674804688,
                0.31950482726097107,
                0.6979748010635376
            ],
            "name": "google_Mario_Luigi_Dream_Team_Nintendo_3DS_Game_3",
            "projected_cuboid": [
                [
                    167.94875264167786,
                    31.674906611442566
                ],
                [
                    163.49074244499207,
                    -6.947219371795654
                ],
                [
                    160.3364646434784,
                    -9.024888277053833
                ],
                [
                    164.9363785982132,
                    29.54159677028656
                ],
                [
                    130.8598518371582,
                    47.54658043384552
                ],
                [
                    124.19401109218597,
                    8.546814322471619
                ],
                [
                    121.11589312553406,
                    6.331160664558411
                ],
                [
                    127.91448831558228,
                    45.27917504310608
                ],
                [
                    145.46850323677063,
                    19.509732723236084
                ]
            ],
            "provenance": "visii",
            "quaternion_xyzw": [
                0.3997150957584381,
                0.3116063177585602,
                0.1471928358078003,
                0.8493901491165161
            ],
            "quaternion_xyzw_world": [
                0.7067593336105347,
                -0.5423458814620972,
                0.00456206314265728,
                0.45423707365989685
            ],
            "segmentation_id": 4,
            "visibility": 1
        },
        {
            "bounding_box_minx_maxx_miny_maxy": [
                -1,
                -1,
                -1,
                -1
            ],
            "class": "INTERNATIONAL",
            "local_cuboid": null,
            "local_to_world_matrix": [
                [
                    -0.005344986915588379,
                    0.526914119720459,
                    -0.8499016761779785,
                    0.0
                ],
                [
                    -0.015447795391082764,
                    0.8497689366340637,
                    0.5269289612770081,
                    0.0
                ],
                [
                    0.9998663663864136,
                    0.01594555377960205,
                    0.0035976767539978027,
                    0.0
                ],
                [
                    0.10136592388153076,
                    -0.08903065323829651,
                    -0.35776883363723755,
                    1.0
                ]
            ],
            "location": [
                0.08903065323829651,
                -0.35776883363723755,
                -0.10136592388153076
            ],
            "location_world": [
                0.10136592388153076,
                -0.08903065323829651,
                -0.35776883363723755
            ],
            "name": "google_INTERNATIONAL_PAPER_Willamette_4_Brown_Bag_500Count_4",
            "projected_cuboid": [
                [
                    560.6853365898132,
                    1591.3552045822144
                ],
                [
                    11.763960123062134,
                    1270.148754119873
                ],
                [
                    -312.2461438179016,
                    2719.083786010742
                ],
                [
                    997.0569610595703,
                    3421.694040298462
                ],
                [
                    911.2963080406189,
                    1014.9128437042236
                ],
                [
                    371.496707201004,
                    686.0780119895935
                ],
                [
                    554.6536445617676,
                    1298.2443571090698
                ],
                [
                    1812.6306533813477,
                    2045.4349517822266
                ],
                [
                    558.9228868484497,
                    1505.7049989700317
                ]
            ],
            "provenance": "visii",
            "quaternion_xyzw": [
                -0.4863186478614807,
                0.8737432956695557,
                0.005449399352073669,
                -0.006091736257076263
            ],
            "quaternion_xyzw_world": [
                0.1879417598247528,
                0.6803521513938904,
                0.19948290288448334,
                0.679709792137146
            ],
            "segmentation_id": 5,
            "visibility": 0
        },
        {
            "bounding_box_minx_maxx_miny_maxy": [
                227,
                335,
                396,
                500
            ],
            "class": "LEGO",
            "local_cuboid": null,
            "local_to_world_matrix": [
                [
                    -0.974431037902832,
                    0.21783047914505005,
                    0.05508187413215637,
                    0.0
                ],
                [
                    0.11640998721122742,
                    0.6991279125213623,
                    -0.7054564952850342,
                    0.0
                ],
                [
                    -0.19217920303344727,
                    -0.681006669998169,
                    -0.7066096067428589,
                    0.0
                ],
                [
                    1.7520040273666382,
                    -0.017470188438892365,
                    -0.5592167973518372,
                    1.0
                ]
            ],
            "location": [
                0.017470188438892365,
                -0.5592167973518372,
                -1.7520040273666382
            ],
            "location_world": [
                1.7520040273666382,
                -0.017470188438892365,
                -0.5592167973518372
            ],
            "name": "google_LEGO_5887_Dino_Defense_HQ_5",
            "projected_cuboid": [
                [
                    364.6394610404968,
                    498.69245290756226
                ],
                [
                    263.44355940818787,
                    590.9438729286194
                ],
                [
                    193.35579872131348,
                    507.5722932815552
                ],
                [
                    289.2833352088928,
                    416.16448760032654
                ],
                [
                    369.3535327911377,
                    448.82136583328247
                ],
                [
                    291.08715057373047,
                    521.1225748062134
                ],
                [
                    235.84376275539398,
                    458.0116868019104
                ],
                [
                    310.93645095825195,
                    386.2683176994324
                ],
                [
                    290.29813408851624,
                    475.21138191223145
                ]
            ],
            "provenance": "visii",
            "quaternion_xyzw": [
                -0.5690885186195374,
                0.28292879462242126,
                -0.7272320985794067,
                -0.25927409529685974
            ],
            "quaternion_xyzw_world": [
                0.09089915454387665,
                0.9192617535591125,
                -0.37705886363983154,
                -0.06724447011947632
            ],
            "segmentation_id": 6,
            "visibility": 1
        },
        {
            "bounding_box_minx_maxx_miny_maxy": [
                -1,
                -1,
                -1,
                -1
            ],
            "class": "Mens",
            "local_cuboid": null,
            "local_to_world_matrix": [
                [
                    0.34516382217407227,
                    0.05599533021450043,
                    -0.9368705153465271,
                    0.0
                ],
                [
                    0.4589446783065796,
                    0.8606614470481873,
                    0.2205258160829544,
                    0.0
                ],
                [
                    0.818676769733429,
                    -0.5060893297195435,
                    0.27137047052383423,
                    0.0
                ],
                [
                    0.15020374953746796,
                    0.2828347682952881,
                    0.3592369556427002,
                    1.0
                ]
            ],
            "location": [
                -0.2828347682952881,
                0.3592369556427002,
                -0.15020374953746796
            ],
            "location_world": [
                0.15020374953746796,
                0.2828347682952881,
                0.3592369556427002
            ],
            "name": "google_Mens_ASV_Shock_Light_Bungee_in_Light_Grey_xGCOvtLDnQJ_6",
            "projected_cuboid": [
                [
                    -60.90149283409119,
                    -686.964750289917
                ],
                [
                    -387.88408041000366,
                    -429.2832016944885
                ],
                [
                    -803.451657295227,
                    -626.2670755386353
                ],
                [
                    -702.853262424469,
                    -1378.5604238510132
                ],
                [
                    -109.578937292099,
                    -1275.5082845687866
                ],
                [
                    -455.94310760498047,
                    -721.3847041130066
                ],
                [
                    -982.681393623352,
                    -1097.9065895080566
                ],
                [
                    -1185.0532293319702,
                    -3221.0726737976074
                ],
                [
                    -519.8909640312195,
                    -891.5884494781494
                ]
            ],
            "provenance": "visii",
            "quaternion_xyzw": [
                -0.620917797088623,
                0.7237398624420166,
                -0.06479340046644211,
                0.2940466105937958
            ],
            "quaternion_xyzw_world": [
                0.2308310717344284,
                0.5577022433280945,
                -0.12800894677639008,
                0.7869554758071899
            ],
            "segmentation_id": 7,
            "visibility": 0
        },
        {
            "bounding_box_minx_maxx_miny_maxy": [
                -1,
                -1,
                -1,
                -1
            ],
            "class": "Twinlab",
            "local_cuboid": null,
            "local_to_world_matrix": [
                [
                    -0.056540608406066895,
                    0.31562426686286926,
                    -0.9471982717514038,
                    0.0
                ],
                [
                    0.768571138381958,
                    0.6193078756332397,
                    0.16048717498779297,
                    0.0
                ],
                [
                    0.6372610330581665,
                    -0.7189151644706726,
                    -0.27759575843811035,
                    0.0
                ],
                [
                    0.29363906383514404,
                    0.09498954564332962,
                    -0.34072041511535645,
                    1.0
                ]
            ],
            "location": [
                -0.09498954564332962,
                -0.34072041511535645,
                -0.29363906383514404
            ],
            "location_world": [
                0.29363906383514404,
                0.09498954564332962,
                -0.34072041511535645
            ],
            "name": "google_Twinlab_100_Whey_Protein_Fuel_Chocolate_7",
            "projected_cuboid": [
                [
                    425.5239963531494,
                    1016.5596008300781
                ],
                [
                    270.39045095443726,
                    807.3461055755615
                ],
                [
                    -41.22325778007507,
                    946.2558031082153
                ],
                [
                    61.534106731414795,
                    1379.312515258789
                ],
                [
                    496.4621961116791,
                    774.9446630477905
                ],
                [
                    327.6377320289612,
                    624.9715089797974
                ],
                [
                    50.13585090637207,
                    676.5198707580566
                ],
                [
                    195.3333616256714,
                    956.5759301185608
                ],
                [
                    246.65629863739014,
                    854.5349836349487
                ]
            ],
            "provenance": "visii",
            "quaternion_xyzw": [
                -0.5387832522392273,
                0.7268721461296082,
                -0.3598180413246155,
                0.22781676054000854
            ],
            "quaternion_xyzw_world": [
                0.38786184787750244,
                0.6988283395767212,
                -0.1997729390859604,
                0.5668270587921143
            ],
            "segmentation_id": 8,
            "visibility": 0
        },
        {
            "bounding_box_minx_maxx_miny_maxy": [
                450,
                499,
                215,
                369
            ],
            "class": "Timberland",
            "local_cuboid": null,
            "local_to_world_matrix": [
                [
                    0.41815584897994995,
                    -0.6998034715652466,
                    0.5791552066802979,
                    0.0
                ],
                [
                    0.5776149034500122,
                    -0.287229061126709,
                    -0.7641077041625977,
                    0.0
                ],
                [
                    0.7010754346847534,
                    0.6540447473526001,
                    0.284110426902771,
                    0.0
                ],
                [
                    0.9216614961624146,
                    -0.40402519702911377,
                    -0.0846957415342331,
                    1.0
                ]
            ],
            "location": [
                0.40402519702911377,
                -0.0846957415342331,
                -0.9216614961624146
            ],
            "location_world": [
                0.9216614961624146,
                -0.40402519702911377,
                -0.0846957415342331
            ],
            "name": "google_Timberland_Mens_Earthkeepers_Stormbuck_Chukka_8",
            "projected_cuboid": [
                [
                    458.3788812160492,
                    186.8613362312317
                ],
                [
                    472.96085953712463,
                    323.79239797592163
                ],
                [
                    534.6640348434448,
                    348.7854301929474
                ],
                [
                    531.4651727676392,
                    204.0519118309021
                ],
                [
                    415.86899757385254,
                    227.83881425857544
                ],
                [
                    438.15091252326965,
                    364.0248775482178
                ],
                [
                    499.94397163391113,
                    393.52357387542725
                ],
                [
                    488.95686864852905,
                    250.1409947872162
                ],
                [
                    479.688823223114,
                    292.8144931793213
                ]
            ],
            "provenance": "visii",
            "quaternion_xyzw": [
                -0.8895204067230225,
                -0.2434975504875183,
                0.30134230852127075,
                0.24218815565109253
            ],
            "quaternion_xyzw_world": [
                -0.5960860848426819,
                0.051246218383312225,
                -0.5369319319725037,
                0.5947766900062561
            ],
            "segmentation_id": 9,
            "visibility": 1
        },
        {
            "bounding_box_minx_maxx_miny_maxy": [
                -1,
                -1,
                -1,
                -1
            ],
            "class": "Nescafe",
            "local_cuboid": null,
            "local_to_world_matrix": [
                [
                    -0.336326003074646,
                    -0.935462474822998,
                    -0.10860368609428406,
                    0.0
                ],
                [
                    0.38493528962135315,
                    -0.03130674362182617,
                    -0.9224123954772949,
                    0.0
                ],
                [
                    0.8594821691513062,
                    -0.352036714553833,
                    0.37062180042266846,
                    0.0
                ],
                [
                    1.6364387273788452,
                    -0.1669984757900238,
                    0.6449530720710754,
                    1.0
                ]
            ],
            "location": [
                0.1669984757900238,
                0.6449530720710754,
                -1.6364387273788452
            ],
            "location_world": [
                1.6364387273788452,
                -0.1669984757900238,
                0.6449530720710754
            ],
            "name": "google_Nescafe_Tasters_Choice_Instant_Coffee_Decaf_House_Blend_Light_7_oz_9",
            "projected_cuboid": [
                [
                    344.55233812332153,
                    -4.915088415145874
                ],
                [
                    343.7797427177429,
                    23.994415998458862
                ],
                [
                    328.8023769855499,
                    27.338385581970215
                ],
                [
                    329.36716079711914,
                    -4.383206367492676
                ],
                [
                    312.40805983543396,
                    -3.8270950317382812
                ],
                [
                    312.18573451042175,
                    24.548932909965515
                ],
                [
                    294.47704553604126,
                    27.88063883781433
                ],
                [
                    294.3911552429199,
                    -3.199756145477295
                ],
                [
                    320.2190101146698,
                    11.021524667739868
                ]
            ],
            "provenance": "visii",
            "quaternion_xyzw": [
                -0.9640223979949951,
                0.020045369863510132,
                -0.17851318418979645,
                0.19593867659568787
            ],
            "quaternion_xyzw_world": [
                -0.28476259112358093,
                0.4833211600780487,
                -0.659214437007904,
                0.5007466673851013
            ],
            "segmentation_id": 10,
            "visibility": 0
        },
        {
            "bounding_box_minx_maxx_miny_maxy": [
                -1,
                -1,
                -1,
                -1
            ],
            "class": "Remington",
            "local_cuboid": null,
            "local_to_world_matrix": [
                [
                    0.3363974094390869,
                    0.9414467215538025,
                    0.02269086241722107,
                    0.0
                ],
                [
                    0.0972324013710022,
                    -0.010756611824035645,
                    -0.9952036142349243,
                    0.0
                ],
                [
                    -0.9366871118545532,
                    0.33699023723602295,
                    -0.09515762329101562,
                    0.0
                ],
                [
                    1.8599517345428467,
                    -0.7783467173576355,
                    -0.31539109349250793,
                    1.0
                ]
            ],
            "location": [
                0.7783467173576355,
                -0.31539109349250793,
                -1.8599517345428467
            ],
            "location_world": [
                1.8599517345428467,
                -0.7783467173576355,
                -0.31539109349250793
            ],
            "name": "google_Remington_TStudio_Silk_Ceramic_Hair_Straightener_2_Inch_Floating_Plates_10",
            "projected_cuboid": [
                [
                    479.4979393482208,
                    303.48730087280273
                ],
                [
                    476.71741247177124,
                    408.12909603118896
                ],
                [
                    476.4053225517273,
                    400.979220867157
                ],
                [
                    479.0884852409363,
                    299.68395829200745
                ],
                [
                    524.9508619308472,
                    305.71889877319336
                ],
                [
                    521.3109254837036,
                    412.75739669799805
                ],
                [
                    519.5061564445496,
                    405.29242157936096
                ],
                [
                    522.9917764663696,
                    301.7529249191284
                ],
                [
                    499.78315830230713,
                    355.1051616668701
                ]
            ],
            "provenance": "visii",
            "quaternion_xyzw": [
                -0.17107735574245453,
                -0.048877596855163574,
                0.9840397834777832,
                0.0030319690704345703
            ],
            "quaternion_xyzw_world": [
                -0.600481390953064,
                -0.4324360191822052,
                0.38052645325660706,
                0.554635763168335
            ],
            "segmentation_id": 11,
            "visibility": 0
        },
        {
            "bounding_box_minx_maxx_miny_maxy": [
                17,
                104,
                203,
                237
            ],
            "class": "Predito",
            "local_cuboid": null,
            "local_to_world_matrix": [
                [
                    -0.606763482093811,
                    0.030985353514552116,
                    -0.7942783832550049,
                    0.0
                ],
                [
                    -0.02460666187107563,
                    -0.9994933605194092,
                    -0.02019346132874489,
                    0.0
                ],
                [
                    -0.794501543045044,
                    0.0072918850928545,
                    0.6072183847427368,
                    0.0
                ],
                [
                    1.8087457418441772,
                    0.5560773611068726,
                    0.06574490666389465,
                    1.0
                ]
            ],
            "location": [
                -0.5560773611068726,
                0.06574490666389465,
                -1.8087457418441772
            ],
            "location_world": [
                1.8087457418441772,
                0.5560773611068726,
                0.06574490666389465
            ],
            "name": "google_Predito_LZ_TRX_FG_W_11",
            "projected_cuboid": [
                [
                    4.729762673377991,
                    214.1609489917755
                ],
                [
                    97.04960882663727,
                    215.9087061882019
                ],
                [
                    105.02995550632477,
                    240.8519983291626
                ],
                [
                    17.313167452812195,
                    239.10216987133026
                ],
                [
                    13.456150889396667,
                    190.32196700572968
                ],
                [
                    102.87943482398987,
                    191.92646443843842
                ],
                [
                    110.33427715301514,
                    217.28824079036713
                ],
                [
                    25.23653209209442,
                    215.6732827425003
                ],
                [
                    59.60361659526825,
                    215.7859355211258
                ]
            ],
            "provenance": "visii",
            "quaternion_xyzw": [
                0.22062785923480988,
                0.23253515362739563,
                0.679279088973999,
                -0.6601747274398804
            ],
            "quaternion_xyzw_world": [
                -0.44314542412757874,
                -0.003598531475290656,
                0.896308422088623,
                0.015505827963352203
            ],
            "segmentation_id": 12,
            "visibility": 1
        },
        {
            "bounding_box_minx_maxx_miny_maxy": [
                0,
                1,
                1,
                24
            ],
            "class": "Fresca",
            "local_cuboid": null,
            "local_to_world_matrix": [
                [
                    0.8929492235183716,
                    0.4449109137058258,
                    -0.06852728128433228,
                    0.0
                ],
                [
                    -0.03736680746078491,
                    -0.0784459114074707,
                    -0.9962178468704224,
                    0.0
                ],
                [
                    -0.44860386848449707,
                    0.8921325206756592,
                    -0.053423285484313965,
                    0.0
                ],
                [
                    1.4383121728897095,
                    0.6045756936073303,
                    0.5462435483932495,
                    1.0
                ]
            ],
            "location": [
                -0.6045756936073303,
                0.5462435483932495,
                -1.4383121728897095
            ],
            "location_world": [
                1.4383121728897095,
                0.6045756936073303,
                0.5462435483932495
            ],
            "name": "google_Fresca_Peach_Citrus_Sparkling_Flavored_Soda_12_PK_12",
            "projected_cuboid": [
                [
                    -64.92090225219727,
                    20.53496241569519
                ],
                [
                    -61.73965334892273,
                    73.53067398071289
                ],
                [
                    -7.387220859527588,
                    77.29049026966095
                ],
                [
                    -10.629028081893921,
                    26.181623339653015
                ],
                [
                    -69.22754645347595,
                    -63.099414110183716
                ],
                [
                    -65.09613990783691,
                    5.673334002494812
                ],
                [
                    5.198866128921509,
                    13.672947883605957
                ],
                [
                    0.9673088788986206,
                    -51.95587873458862
                ],
                [
                    -33.73190760612488,
                    17.48281717300415
                ]
            ],
            "provenance": "visii",
            "quaternion_xyzw": [
                -0.5250483751296997,
                -0.004722721874713898,
                0.8499606847763062,
                -0.04322940111160278
            ],
            "quaternion_xyzw_world": [
                -0.7114805579185486,
                -0.14320282638072968,
                0.18170951306819916,
                0.6635284423828125
            ],
            "segmentation_id": 13,
