{
    "camera_data": {
        "camera_look_at": {
            "at": [
                1.0,
                0.0,
                0.0
            ],
            "eye": [
                0.0,
                0.0,
                0.0
            ],
            "up": [
                0.0,
                0.0,
                1.0
            ]
        },
        "camera_view_matrix": [
            [
                0.0,
                0.0,
                -1.0,
                0.0
            ],
            [
                -1.0,
                0.0,
                0.0,
                0.0
            ],
            [
                0.0,
                1.0,
                0.0,
                0.0
            ],
            [
                0.0,
                0.0,
                0.0,
                1.0
            ]
        ],
        "height": 500,
        "intrinsics": {
            "cx": 250.0,
            "cy": 250.0,
            "fx": 603.5535278320312,
            "fy": 603.5535278320312
        },
        "location_world": [
            0.0,
            0.0,
            0.0
        ],
        "quaternion_world_xyzw": [
            0.5,
            -0.5,
            -0.5,
            0.5
        ],
        "width": 500
    },
    "objects": [
        {
            "bounding_box_minx_maxx_miny_maxy": [
                201,
                234,
                86,
                136
            ],
            "class": "Perricone",
            "local_cuboid": null,
            "local_to_world_matrix": [
                [
                    -0.644171953201294,
                    -0.03833980858325958,
                    -0.7639192342758179,
                    0.0
                ],
                [
                    0.45620375871658325,
                    -0.820908784866333,
                    -0.3434920907020569,
                    0.0
                ],
                [
                    -0.613938570022583,
                    -0.5697708129882812,
                    0.5462971925735474,
                    0.0
                ],
                [
                    1.9058542251586914,
                    0.12944430112838745,
                    0.40450313687324524,
                    1.0
                ]
            ],
            "location": [
                -0.12944430112838745,
                0.40450313687324524,
                -1.9058542251586914
            ],
            "location_world": [
                1.9058542251586914,
                0.12944430112838745,
                0.40450313687324524
            ],
            "name": "google_Perricone_MD_Photo_Plasma_0",
            "projected_cuboid": [
                [
                    218.11415255069733,
                    104.20072078704834
                ],
                [
                    236.3695353269577,
                    114.0022724866867
                ],
                [
                    217.6988422870636,
                    136.99644804000854
                ],
                [
                    199.77793097496033,
                    127.90361046791077
                ],
                [
                    217.966228723526,
                    83.31552147865295
                ],
                [
                    235.56552827358246,
                    93.09230744838715
                ],
                [
                    217.57254004478455,
                    115.97396433353424
                ],
                [
                    200.28437674045563,
                    106.87820613384247
                ],
                [
                    217.83162653446198,
                    110.34244298934937
                ]
            ],
            "provenance": "visii",
            "quaternion_xyzw": [
                0.4381476044654846,
                0.03251737356185913,
                0.6926562786102295,
                -0.5720109939575195
            ],
            "quaternion_xyzw_world": [
                -0.39700114727020264,
                -0.2631377577781677,
                0.8676661252975464,
                -0.14249247312545776
            ],
            "segmentation_id": 1,
            "visibility": 1
        },
        {
            "bounding_box_minx_maxx_miny_maxy": [
                -1,
                -1,
                -1,
                -1
            ],
            "class": "Glycerin",
            "local_cuboid": null,
            "local_to_world_matrix": [
                [
                    0.6217252612113953,
                    0.40985608100891113,
                    0.6674396395683289,
                    0.0
                ],
                [
                    0.36072176694869995,
                    -0.9062384366989136,
                    0.22048062086105347,
                    0.0
                ],
                [
                    0.6952248215675354,
                    0.10368165373802185,
                    -0.7112753391265869,
                    0.0
                ],
                [
                    0.2603011429309845,
                    0.15002243220806122,
                    0.49230217933654785,
                    1.0
                ]
            ],
            "location": [
                -0.15002243220806122,
                0.49230217933654785,
                -0.2603011429309845
            ],
            "location_world": [
                0.2603011429309845,
                0.15002243220806122,
                0.49230217933654785
            ],
            "name": "google_Glycerin_11_Color_BrllntBluSkydvrSlvrBlckWht_Size_80_1",
            "projected_cuboid": [
                [
                    -335.44135093688965,
                    -469.76029872894287
                ],
                [
                    181.78841471672058,
                    -383.41623544692993
                ],
                [
                    187.63375282287598,
                    -718.8460826873779
                ],
                [
                    -528.560996055603,
                    -991.0215139389038
                ],
                [
                    -388.64660263061523,
                    -490.1354908943176
                ],
                [
                    247.6886659860611,
                    -380.51456212997437
                ],
                [
                    277.5043249130249,
                    -804.8067092895508
                ],
                [
                    -697.2982287406921,
                    -1253.906488418579
                ],
                [
                    -58.36084485054016,
                    -621.2171316146851
                ]
            ],
            "provenance": "visii",
            "quaternion_xyzw": [
                0.5159670114517212,
                0.7624895572662354,
                -0.35147926211357117,
                0.16985268890857697
            ],
            "quaternion_xyzw_world": [
                0.8998942971229553,
                0.21407455205917358,
                0.3785623610019684,
                0.03244796767830849
            ],
            "segmentation_id": 2,
            "visibility": 0
        },
        {
            "bounding_box_minx_maxx_miny_maxy": [
                313,
                499,
                1,
                149
            ],
            "class": "Jansport",
            "local_cuboid": null,
            "local_to_world_matrix": [
                [
                    -0.6566689014434814,
                    0.6490715742111206,
                    0.3840477168560028,
                    0.0
                ],
                [
                    -0.5601961612701416,
                    -0.07884812355041504,
                    -0.8245990872383118,
                    0.0
                ],
                [
                    -0.5049424171447754,
                    -0.7566303610801697,
                    0.41538405418395996,
                    0.0
                ],
                [
                    1.0251786708831787,
                    -0.18225710093975067,
                    0.362038791179657,
                    1.0
                ]
            ],
            "location": [
                0.18225710093975067,
                0.362038791179657,
                -1.0251786708831787
            ],
            "location_world": [
                1.0251786708831787,
                -0.18225710093975067,
                0.362038791179657
            ],
            "name": "google_Jansport_School_Backpack_Blue_Streak_2",
            "projected_cuboid": [
                [
                    541.6858792304993,
                    -344.8933959007263
                ],
                [
                    677.731990814209,
                    -238.86734247207642
                ],
                [
                    305.35152554512024,
                    36.582231521606445
                ],
                [
                    276.3790488243103,
                    -102.80615091323853
                ],
                [
                    612.2629046440125,
                    -125.47191977500916
                ],
                [
                    726.8284559249878,
                    5.933448672294617
                ],
                [
                    428.77042293548584,
                    165.7436490058899
                ],
                [
                    384.65309143066406,
                    31.216606497764587
                ],
                [
                    477.42220759391785,
                    -54.2738139629364
                ]
            ],
            "provenance": "visii",
            "quaternion_xyzw": [
                0.4094463586807251,
                0.28263503313064575,
                0.8629329800605774,
                0.0884193480014801
            ],
            "quaternion_xyzw_world": [
                -0.041216108947992325,
                -0.5390818119049072,
                0.7332975268363953,
                0.4122704863548279
            ],
            "segmentation_id": 3,
            "visibility": 1
        },
        {
            "bounding_box_minx_maxx_miny_maxy": [
                82,
                122,
                1,
                24
            ],
            "class": "Mario",
            "local_cuboid": null,
            "local_to_world_matrix": [
                [
                    0.5452316999435425,
                    0.08630155026912689,
                    0.8338311910629272,
                    0.0
                ],
                [
                    -0.08423064649105072,
                    -0.9840123653411865,
                    0.15692268311977386,
                    0.0
                ],
                [
                    0.8340429067611694,
                    -0.15579335391521454,
                    -0.5292454957962036,
                    0.0
                ],
                [
                    1.8568240404129028,
                    0.45514410734176636,
                    0.7609517574310303,
                    1.0
                ]
            ],
            "location": [
                -0.45514410734176636,
                0.7609517574310303,
                -1.8568240404129028
            ],
            "location_world": [
                1.8568240404129028,
                0.45514410734176636,
                0.7609517574310303
            ],
            "name": "google_Mario_Luigi_Dream_Team_Nintendo_3DS_Game_3",
            "projected_cuboid": [
                [
                    85.91817319393158,
                    -2.3103952407836914
                ],
                [
                    124.07377362251282,
                    -9.937942028045654
                ],
                [
                    122.35754728317261,
                    -14.561176300048828
                ],
                [
                    83.93862843513489,
                    -6.853371858596802
                ],
                [
                    83.12273025512695,
                    25.041595101356506
                ],
                [
                    122.82717227935791,
                    17.2588974237442
                ],
                [
                    121.03067338466644,
                    12.648269534111023
                ],
                [
                    81.04100823402405,
                    20.51551640033722
                ],
                [
                    103.0077189207077,
                    4.970178008079529
                ]
            ],
            "provenance": "visii",
            "quaternion_xyzw": [
                0.6306383013725281,
                0.7206363677978516,
                -0.154382586479187,
                0.2431965470314026
            ],
            "quaternion_xyzw_world": [
                0.8744269013404846,
                0.0005920732510276139,
                0.476847767829895,
                0.08940599858760834
            ],
            "segmentation_id": 4,
            "visibility": 1
        },
        {
            "bounding_box_minx_maxx_miny_maxy": [
                -1,
                -1,
                -1,
                -1
            ],
            "class": "INTERNATIONAL",
            "local_cuboid": null,
            "local_to_world_matrix": [
                [
                    -0.008668780326843262,
                    0.29634273052215576,
                    -0.9550424814224243,
                    0.0
                ],
                [
                    -0.09519974142313004,
                    0.9504955410957336,
                    0.2957959771156311,
                    0.0
                ],
                [
                    0.9954205751419067,
                    0.09348392486572266,
                    0.019972145557403564,
                    0.0
                ],
                [
                    0.10957615077495575,
                    -0.057667385786771774,
                    -0.33132636547088623,
                    1.0
                ]
            ],
            "location": [
                0.057667385786771774,
                -0.33132636547088623,
                -0.10957615077495575
            ],
            "location_world": [
                0.10957615077495575,
                -0.057667385786771774,
                -0.33132636547088623
            ],
            "name": "google_INTERNATIONAL_PAPER_Willamette_4_Brown_Bag_500Count_4",
            "projected_cuboid": [
                [
                    543.5603857040405,
                    1399.169921875
                ],
                [
                    -54.072409868240356,
                    1323.4670162200928
                ],
                [
                    -412.5364422798157,
                    2896.4481353759766
                ],
                [
                    947.8367567062378,
                    2739.607095718384
                ],
                [
                    725.3677845001221,
                    794.5189476013184
                ],
                [
                    152.39575505256653,
                    657.1467518806458
                ],
                [
                    94.51209008693695,
                    1250.177502632141
                ],
                [
                    1327.794909477234,
                    1424.7759580612183
                ],
                [
                    420.1924204826355,
                    1358.2371473312378
                ]
            ],
            "provenance": "visii",
            "quaternion_xyzw": [
                -0.5923010110855103,
                0.8042946457862854,
                0.03579908609390259,
                -0.03175221383571625
            ],
            "quaternion_xyzw_world": [
                0.07222115993499756,
                0.6962743997573853,
                0.1397724449634552,
                0.7003212571144104
            ],
            "segmentation_id": 5,
            "visibility": 0
        },
        {
            "bounding_box_minx_maxx_miny_maxy": [
                218,
                341,
                403,
                500
            ],
            "class": "LEGO",
            "local_cuboid": null,
            "local_to_world_matrix": [
                [
                    -0.8492330312728882,
                    0.38150352239608765,
                    0.36504554748535156,
                    0.0
                ],
                [
                    0.09841354191303253,
                    0.7935981750488281,
                    -0.6004304885864258,
                    0.0
                ],
                [
                    -0.5187658071517944,
                    -0.47397997975349426,
                    -0.7114948034286499,
                    0.0
                ],
                [
                    1.811830997467041,
                    -0.025947973132133484,
                    -0.5571168661117554,
                    1.0
                ]
            ],
            "location": [
                0.025947973132133484,
                -0.5571168661117554,
                -1.811830997467041
            ],
            "location_world": [
                1.811830997467041,
                -0.025947973132133484,
                -0.5571168661117554
            ],
            "name": "google_LEGO_5887_Dino_Defense_HQ_5",
            "projected_cuboid": [
                [
                    336.8456959724426,
                    475.5895137786865
                ],
                [
                    223.55492413043976,
                    554.6426773071289
                ],
                [
                    179.8393428325653,
                    460.34860610961914
                ],
                [
                    282.55847096443176,
                    385.9996795654297
                ],
                [
                    375.1811385154724,
                    482.6308488845825
                ],
                [
                    284.33018922805786,
                    545.4108715057373
                ],
                [
                    244.84410881996155,
                    469.69863772392273
                ],
                [
                    328.7834823131561,
                    409.9164009094238
                ],
                [
                    283.5162281990051,
                    472.17482328414917
                ]
            ],
            "provenance": "visii",
            "quaternion_xyzw": [
                -0.41837814450263977,
                0.2560797333717346,
                -0.7906800508499146,
                -0.36634403467178345
            ],
            "quaternion_xyzw_world": [
                0.13101878762245178,
                0.915740966796875,
                -0.2933172285556793,
                -0.241283118724823
            ],
            "segmentation_id": 6,
            "visibility": 1
        },
        {
            "bounding_box_minx_maxx_miny_maxy": [
                -1,
                -1,
                -1,
                -1
            ],
            "class": "Mens",
            "local_cuboid": null,
            "local_to_world_matrix": [
                [
                    -0.6996828317642212,
                    0.012593299150466919,
                    -0.7143427133560181,
                    0.0
                ],
                [
                    0.2863008677959442,
                    0.9209973216056824,
                    -0.26418882608413696,
                    0.0
                ],
                [
                    0.6545807123184204,
                    -0.3893653154373169,
                    -0.6480114459991455,
                    0.0
                ],
                [
                    0.1703539341688156,
                    0.2234545201063156,
                    0.331564337015152,
                    1.0
                ]
            ],
            "location": [
                -0.2234545201063156,
                0.331564337015152,
                -0.1703539341688156
            ],
            "location_world": [
                0.1703539341688156,
                0.2234545201063156,
                0.331564337015152
            ],
            "name": "google_Mens_ASV_Shock_Light_Bungee_in_Light_Grey_xGCOvtLDnQJ_6",
            "projected_cuboid": [
                [
                    85.55258810520172,
                    -661.4735126495361
                ],
                [
                    -496.7913031578064,
                    -180.28879165649414
                ],
                [
                    -987.0812892913818,
                    -635.9869837760925
                ],
                [
                    -354.83264923095703,
                    -1930.964708328247
                ],
                [
                    139.5493745803833,
                    -570.5270767211914
                ],
                [
                    -322.2864270210266,
                    -223.1082022190094
                ],
                [
                    -610.6524467468262,
                    -554.6085238456726
                ],
                [
                    -77.5127112865448,
                    -1226.1676788330078
                ],
                [
                    -329.4264078140259,
                    -597.7758169174194
                ]
            ],
            "provenance": "visii",
            "quaternion_xyzw": [
                -0.690321683883667,
                0.5922383666038513,
                -0.3943987488746643,
                -0.13099345564842224
            ],
            "quaternion_xyzw_world": [
                0.0826609656214714,
                0.9039761424064636,
                -0.18074430525302887,
                0.3785839378833771
            ],
            "segmentation_id": 7,
            "visibility": 0
        },
        {
            "bounding_box_minx_maxx_miny_maxy": [
                -1,
                -1,
                -1,
                -1
            ],
            "class": "Twinlab",
            "local_cuboid": null,
            "local_to_world_matrix": [
                [
                    0.4401451349258423,
                    0.8896178007125854,
                    -0.12187010049819946,
                    0.0
                ],
                [
                    0.5452046394348145,
                    -0.15693402290344238,
                    0.8234825730323792,
                    0.0
                ],
                [
                    0.7134592533111572,
                    -0.4288960099220276,
                    -0.5540975332260132,
                    0.0
                ],
                [
                    0.2648548185825348,
                    0.14144398272037506,
                    -0.2683556377887726,
                    1.0
                ]
            ],
            "location": [
                -0.14144398272037506,
                -0.2683556377887726,
                -0.2648548185825348
            ],
            "location_world": [
                0.2648548185825348,
                0.14144398272037506,
                -0.2683556377887726
            ],
            "name": "google_Twinlab_100_Whey_Protein_Fuel_Chocolate_7",
            "projected_cuboid": [
                [
                    95.18790245056152,
                    914.2962098121643
                ],
                [
                    148.49825203418732,
                    658.5832834243774
                ],
                [
                    -101.7831563949585,
                    626.1571645736694
                ],
                [
                    -276.6990065574646,
                    1054.7889471054077
                ],
                [
                    294.63058710098267,
                    1007.39586353302
                ],
                [
                    318.76784563064575,
                    695.345401763916
                ],
                [
                    119.80642378330231,
                    679.5158386230469
                ],
                [
                    -18.96539330482483,
                    1291.8779850006104
                ],
                [
                    104.59010303020477,
                    824.6302008628845
                ]
            ],
            "provenance": "visii",
            "quaternion_xyzw": [
                0.009471118450164795,
                0.9255484342575073,
                -0.2969326376914978,
                0.23473680019378662
            ],
            "quaternion_xyzw_world": [
                0.7333444952964783,
                0.48913657665252686,
                0.20167505741119385,
                0.4269407391548157
            ],
            "segmentation_id": 8,
            "visibility": 0
        },
        {
            "bounding_box_minx_maxx_miny_maxy": [
                416,
                499,
                233,
                376
            ],
            "class": "Timberland",
            "local_cuboid": null,
            "local_to_world_matrix": [
                [
                    -0.022737503051757812,
                    -0.8338285684585571,
                    -0.5515549182891846,
                    0.0
                ],
                [
                    -0.49644383788108826,
                    0.4882880449295044,
                    -0.7177174091339111,
                    0.0
                ],
                [
                    0.8677710294723511,
                    0.2574969232082367,
                    -0.42505156993865967,
                    0.0
                ],
                [
                    1.0493794679641724,
                    -0.39414912462234497,
                    -0.06987421214580536,
                    1.0
                ]
            ],
            "location": [
                0.39414912462234497,
                -0.06987421214580536,
                -1.0493794679641724
            ],
            "location_world": [
                1.0493794679641724,
                -0.39414912462234497,
                -0.06987421214580536
            ],
            "name": "google_Timberland_Mens_Earthkeepers_Stormbuck_Chukka_8",
            "projected_cuboid": [
                [
                    489.67817425727844,
                    269.77792382240295
                ],
                [
                    439.4037127494812,
                    396.521657705307
                ],
                [
                    477.4917960166931,
                    381.10947608947754
                ],
                [
                    527.0982980728149,
                    245.12843787670135
                ],
                [
                    442.86590814590454,
                    239.10315334796906
                ],
                [
                    386.07847690582275,
                    361.19768023490906
                ],
                [
                    418.56899857521057,
                    342.18472242355347
                ],
                [
                    476.02736949920654,
                    211.77515387535095
                ],
                [
                    458.16871523857117,
                    301.86235904693604
                ]
            ],
            "provenance": "visii",
            "quaternion_xyzw": [
                -0.9245697855949402,
                0.28116944432258606,
                0.06347799301147461,
                -0.24916869401931763
            ],
            "quaternion_xyzw_world": [
                -0.4780235290527344,
                0.6957149505615234,
                -0.16537682712078094,
                0.5100242495536804
            ],
            "segmentation_id": 9,
            "visibility": 1
        },
        {
            "bounding_box_minx_maxx_miny_maxy": [
                -1,
                -1,
                -1,
                -1
            ],
            "class": "Nescafe",
            "local_cuboid": null,
            "local_to_world_matrix": [
                [
                    -0.6045013666152954,
                    0.4095941185951233,
                    0.6832355856895447,
                    0.0
                ],
                [
                    -0.670985996723175,
                    -0.724095344543457,
                    -0.15957413613796234,
                    0.0
                ],
                [
                    0.4293670058250427,
                    -0.5549042224884033,
                    0.7125484347343445,
                    0.0
                ],
                [
                    1.6351556777954102,
                    -0.2758845388889313,
                    0.6432926654815674,
                    1.0
                ]
            ],
            "location": [
                0.2758845388889313,
                0.6432926654815674,
                -1.6351556777954102
            ],
            "location_world": [
                1.6351556777954102,
                -0.2758845388889313,
                0.6432926654815674
            ],
            "name": "google_Nescafe_Tasters_Choice_Instant_Coffee_Decaf_House_Blend_Light_7_oz_9",
            "projected_cuboid": [
                [
                    366.41836166381836,
                    -37.28339076042175
                ],
                [
                    391.02160930633545,
                    -41.88987612724304
                ],
                [
                    358.7574362754822,
                    -6.054490804672241
                ],
                [
                    334.00315046310425,
                    -2.390056848526001
                ],
                [
                    376.09004974365234,
                    -5.231648683547974
                ],
                [
                    400.15411376953125,
                    -8.689045906066895
                ],
                [
                    369.48782205581665,
                    27.48192846775055
                ],
                [
                    345.25319933891296,
                    29.965072870254517
                ],
                [
                    367.91902780532837,
                    -5.619525909423828
                ]
            ],
            "provenance": "visii",
            "quaternion_xyzw": [
                0.5429887175559998,
                0.6479558348655701,
                0.5338073372840881,
                -0.019135981798171997
            ],
            "quaternion_xyzw_world": [
                0.31900060176849365,
                -0.2048521488904953,
                0.8719439506530762,
                0.3098192512989044
            ],
            "segmentation_id": 10,
            "visibility": 0
        },
        {
            "bounding_box_minx_maxx_miny_maxy": [
                -1,
                -1,
                -1,
                -1
            ],
            "class": "Remington",
            "local_cuboid": null,
            "local_to_world_matrix": [
                [
                    0.06335902214050293,
                    0.949364423751831,
                    -0.30772215127944946,
                    0.0
                ],
                [
                    0.5963249206542969,
                    -0.28325772285461426,
                    -0.7511069774627686,
                    0.0
                ],
                [
                    -0.8002389073371887,
                    -0.1359129548072815,
                    -0.5840766429901123,
                    0.0
                ],
                [
                    1.9013850688934326,
                    -0.7775179147720337,
                    -0.33343130350112915,
                    1.0
                ]
            ],
            "location": [
                0.7775179147720337,
                -0.33343130350112915,
                -1.9013850688934326
            ],
            "location_world": [
                1.9013850688934326,
                -0.7775179147720337,
                -0.33343130350112915
            ],
            "name": "google_Remington_TStudio_Silk_Ceramic_Hair_Straightener_2_Inch_Floating_Plates_10",
            "projected_cuboid": [
                [
                    481.14079236984253,
                    343.87272596359253
                ],
                [
                    486.6281747817993,
                    409.6946120262146
                ],
                [
                    477.6729345321655,
                    393.8453495502472
                ],
                [
                    471.39298915863037,
                    328.26003432273865
                ],
                [
                    522.8888988494873,
                    331.1004936695099
                ],
                [
                    524.2578387260437,
                    398.45603704452515
                ],
                [
                    514.2697095870972,
                    382.84218311309814
                ],
                [
                    511.8734836578369,
                    315.7943785190582
                ],
                [
                    498.75426292419434,
                    364.59147930145264
                ]
            ],
            "provenance": "visii",
            "quaternion_xyzw": [
                -0.019388854503631592,
                0.31544357538223267,
                -0.9355092644691467,
                0.15792998671531677
            ],
            "quaternion_xyzw_world": [
                0.6947469711303711,
                0.5562058687210083,
                -0.3986922800540924,
                -0.22137340903282166
            ],
            "segmentation_id": 11,
            "visibility": 0
        },
        {
            "bounding_box_minx_maxx_miny_maxy": [
                0,
                68,
                339,
                391
            ],
            "class": "Predito",
            "local_cuboid": null,
            "local_to_world_matrix": [
                [
                    0.5484606027603149,
                    -0.0020492970943450928,
                    -0.836173951625824,
                    0.0
                ],
                [
                    0.5202325582504272,
                    -0.7820544242858887,
                    0.3431459367275238,
                    0.0
                ],
                [
                    -0.6546366810798645,
                    -0.6232068538665771,
                    -0.427859902381897,
                    0.0
                ],
                [
                    1.6058675050735474,
                    0.6328722834587097,
                    -0.2897885739803314,
                    1.0
                ]
            ],
            "location": [
                -0.6328722834587097,
                -0.2897885739803314,
                -1.6058675050735474
            ],
            "location_world": [
                1.6058675050735474,
                0.6328722834587097,
                -0.2897885739803314
            ],
            "name": "google_Predito_LZ_TRX_FG_W_11",
            "projected_cuboid": [
                [
                    -19.35639977455139,
                    420.5651879310608
                ],
                [
                    78.96360754966736,
                    373.04818630218506
                ],
                [
                    61.441078782081604,
                    350.57634115219116
                ],
                [
                    -33.761054277420044,
                    393.898606300354
                ],
                [
                    -28.79270911216736,
                    394.52242851257324
                ],
                [
                    73.46212863922119,
                    347.74208068847656
                ],
                [
                    55.65434694290161,
                    325.7209360599518
                ],
                [
                    -43.213337659835815,
                    368.2442903518677
                ],
                [
                    20.055904984474182,
                    370.73203921318054
                ]
            ],
            "provenance": "visii",
            "quaternion_xyzw": [
                -0.03266000747680664,
                0.414264440536499,
                -0.57215416431427,
                0.7070770859718323
            ],
            "quaternion_xyzw_world": [
                0.830417811870575,
                0.1560007631778717,
                -0.44881340861320496,
                0.29092368483543396
            ],
            "segmentation_id": 12,
            "visibility": 1
        },
        {
            "bounding_box_minx_maxx_miny_maxy": [
                0,
                5,
                67,
                87
            ],
            "class": "Fresca",
            "local_cuboid": null,
            "local_to_world_matrix": [
                [
                    0.9215109944343567,
                    0.23960846662521362,
                    -0.30562275648117065,
                    0.0
                ],
                [
                    -0.20462775230407715,
                    -0.3692817687988281,
                    -0.9065088629722595,
                    0.0
                ],
                [
                    -0.33006811141967773,
                    0.8978968262672424,
                    -0.29126667976379395,
                    0.0
                ],
                [
                    1.470434308052063,
                    0.6389003396034241,
                    0.562728226184845,
                    1.0
                ]
            ],
            "location": [
                -0.6389003396034241,
                0.562728226184845,
                -1.470434308052063
            ],
            "location_world": [
                1.470434308052063,
                0.6389003396034241,
                0.562728226184845
            ],
            "name": "google_Fresca_Peach_Citrus_Sparkling_Flavored_Soda_12_PK_12",
            "projected_cuboid": [
                [
                    -57.348042726516724,
                    55.27321994304657
                ],
                [
                    -43.41521859169006,
                    99.45014119148254
                ],
                [
                    6.950274109840393,
                    89.50729668140411
                ],
                [
                    -7.4853599071502686,
                    46.6301292181015
                ],
                [
                    -102.41782665252686,
                    -63.0534291267395
                ],
                [
                    -85.26244759559631,
                    -8.086353540420532
                ],
                [
                    -18.56333017349243,
                    -17.34718680381775
                ],
                [
                    -36.62040829658508,
                    -70.29697299003601
                ],
                [
                    -40.37466645240784,
                    23.492395877838135
                ]
            ],
            "provenance": "visii",
            "quaternion_xyzw": [
                -0.5781072974205017,
                -0.027529068291187286,
                0.7867950201034546,
                -0.21444737911224365
            ],
            "quaternion_xyzw_world": [
                -0.8034393787384033,
                -0.010884678922593594,
                0.19780300557613373,
                0.561462938785553
            ],
            "segmentation_id": 13,
