{
    "camera_data": {
        "camera_look_at": {
            "at": [
                1.0,
                0.0,
                0.0
            ],
            "eye": [
                0.0,
                0.0,
                0.0
            ],
            "up": [
                0.0,
                0.0,
                1.0
            ]
        },
        "camera_view_matrix": [
            [
                0.0,
                0.0,
                -1.0,
                0.0
            ],
            [
                -1.0,
                0.0,
                0.0,
                0.0
            ],
            [
                0.0,
                1.0,
                0.0,
                0.0
            ],
            [
                0.0,
                0.0,
                0.0,
                1.0
            ]
        ],
        "height": 500,
        "intrinsics": {
            "cx": 250.0,
            "cy": 250.0,
            "fx": 603.5535278320312,
            "fy": 603.5535278320312
        },
        "location_world": [
            0.0,
            0.0,
            0.0
        ],
        "quaternion_world_xyzw": [
            0.5,
            -0.5,
            -0.5,
            0.5
        ],
        "width": 500
    },
    "objects": [
        {
            "bounding_box_minx_maxx_miny_maxy": [
                201,
                231,
                105,
                136
            ],
            "class": "Perricone",
            "local_cuboid": null,
            "local_to_world_matrix": [
                [
                    -0.5162324905395508,
                    0.7069337368011475,
                    -0.4834756851196289,
                    0.0
                ],
                [
                    0.2064822018146515,
                    -0.4451289176940918,
                    -0.8713353276252747,
                    0.0
                ],
                [
                    -0.8311853408813477,
                    -0.5496407151222229,
                    0.08382081985473633,
                    0.0
                ],
                [
                    1.8684155941009521,
                    0.10236439108848572,
                    0.39027634263038635,
                    1.0
                ]
            ],
            "location": [
                -0.10236439108848572,
                0.39027634263038635,
                -1.8684155941009521
            ],
            "location_world": [
                1.8684155941009521,
                0.10236439108848572,
                0.39027634263038635
            ],
            "name": "google_Perricone_MD_Photo_Plasma_0",
            "projected_cuboid": [
                [
                    216.65193140506744,
                    110.99667847156525
                ],
                [
                    226.85974836349487,
                    131.54229521751404
                ],
                [
                    209.10510420799255,
                    140.01049101352692
                ],
                [
                    199.25250113010406,
                    120.50437927246094
                ],
                [
                    242.72681772708893,
                    98.07077050209045
                ],
                [
                    252.4339258670807,
                    118.09384822845459
                ],
                [
                    234.01615023612976,
                    126.9356906414032
                ],
                [
                    224.62616860866547,
                    107.90055990219116
                ],
                [
                    225.7036715745926,
                    119.30543184280396
                ]
            ],
            "provenance": "visii",
            "quaternion_xyzw": [
                0.28862443566322327,
                -0.033215075731277466,
                0.9232354164123535,
                -0.2514539361000061
            ],
            "quaternion_xyzw_world": [
                -0.4596399962902069,
                -0.4968104958534241,
                0.7150493264198303,
                0.17497096955776215
            ],
            "segmentation_id": 1,
            "visibility": 1
        },
        {
            "bounding_box_minx_maxx_miny_maxy": [
                96,
                187,
                18,
                259
            ],
            "class": "Glycerin",
            "local_cuboid": null,
            "local_to_world_matrix": [
                [
                    0.044750988483428955,
                    0.9970386028289795,
                    0.06254023313522339,
                    0.0
                ],
                [
                    -0.04076802730560303,
                    -0.06072807312011719,
                    0.997321367263794,
                    0.0
                ],
                [
                    0.9981659054756165,
                    -0.0471806526184082,
                    0.0379297137260437,
                    0.0
                ],
                [
                    0.7423527240753174,
                    0.13469350337982178,
                    0.13703465461730957,
                    1.0
                ]
            ],
            "location": [
                -0.13469350337982178,
                0.13703465461730957,
                -0.7423527240753174
            ],
            "location_world": [
                0.7423527240753174,
                0.13469350337982178,
                0.13703465461730957
            ],
            "name": "google_Glycerin_11_Color_BrllntBluSkydvrSlvrBlckWht_Size_80_1",
            "projected_cuboid": [
                [
                    115.79641699790955,
                    254.22561168670654
                ],
                [
                    126.67030096054077,
                    44.372931122779846
                ],
                [
                    98.77598285675049,
                    10.81472635269165
                ],
                [
                    86.39942109584808,
                    259.1319978237152
                ],
                [
                    196.74333930015564,
                    259.37995314598083
                ],
                [
                    208.8422179222107,
                    48.306748270988464
                ],
                [
                    195.94822824001312,
                    15.231221914291382
                ],
                [
                    181.8629652261734,
                    265.25941491127014
                ],
                [
                    152.0758867263794,
                    146.04854583740234
                ]
            ],
            "provenance": "visii",
            "quaternion_xyzw": [
                0.030845925211906433,
                0.9990653395652771,
                0.019692808389663696,
                0.02300441265106201
            ],
            "quaternion_xyzw_world": [
                0.5166113972663879,
                0.4627610743045807,
                0.513299822807312,
                0.5054582953453064
            ],
            "segmentation_id": 2,
            "visibility": 1
        },
        {
            "bounding_box_minx_maxx_miny_maxy": [
                -1,
                -1,
                -1,
                -1
            ],
            "class": "Jansport",
            "local_cuboid": null,
            "local_to_world_matrix": [
                [
                    -0.24000310897827148,
                    0.7736353874206543,
                    0.5864188075065613,
                    0.0
                ],
                [
                    0.013191789388656616,
                    -0.6014196872711182,
                    0.7988244295120239,
                    0.0
                ],
                [
                    0.9706825613975525,
                    0.19945618510246277,
                    0.13413691520690918,
                    0.0
                ],
                [
                    0.6857947707176208,
                    -0.3734043538570404,
                    -0.4253173768520355,
                    1.0
                ]
            ],
            "location": [
                0.3734043538570404,
                -0.4253173768520355,
                -0.6857947707176208
            ],
            "location_world": [
                0.6857947707176208,
                -0.3734043538570404,
                -0.4253173768520355
            ],
            "name": "google_Jansport_School_Backpack_Blue_Streak_2",
            "projected_cuboid": [
                [
                    265.98912477493286,
                    476.72730684280396
                ],
                [
                    391.26962423324585,
                    309.19623374938965
                ],
                [
                    567.7386522293091,
                    404.05359864234924
                ],
                [
                    359.8337471485138,
                    684.6028566360474
                ],
                [
                    409.95192527770996,
                    569.8397159576416
                ],
                [
                    525.3174304962158,
                    414.3628478050232
                ],
                [
                    759.6386671066284,
                    559.7467422485352
                ],
                [
                    577.7016878128052,
                    808.047890663147
                ],
                [
                    466.4807915687561,
                    510.4449391365051
                ]
            ],
            "provenance": "visii",
            "quaternion_xyzw": [
                0.31552451848983765,
                0.9411618709564209,
                0.03212657570838928,
                -0.11673316359519958
            ],
            "quaternion_xyzw_world": [
                0.5539132952690125,
                0.3551219701766968,
                0.7027730345726013,
                0.2705153524875641
            ],
            "segmentation_id": 3,
            "visibility": 0
        },
        {
            "bounding_box_minx_maxx_miny_maxy": [
                117,
                170,
                443,
                492
            ],
            "class": "Mario",
            "local_cuboid": null,
            "local_to_world_matrix": [
                [
                    0.21601003408432007,
                    -0.9576675295829773,
                    0.19029712677001953,
                    0.0
                ],
                [
                    -0.7846073508262634,
                    -0.2862560749053955,
                    -0.5499539375305176,
                    0.0
                ],
                [
                    0.5811465382575989,
                    -0.03051280975341797,
                    -0.8132271766662598,
                    0.0
                ],
                [
                    1.7148511409759521,
                    0.3025566339492798,
                    -0.609211802482605,
                    1.0
                ]
            ],
            "location": [
                -0.3025566339492798,
                -0.609211802482605,
                -1.7148511409759521
            ],
            "location_world": [
                1.7148511409759521,
                0.3025566339492798,
                -0.609211802482605
            ],
            "name": "google_Mario_Luigi_Dream_Team_Nintendo_3DS_Game_3",
            "projected_cuboid": [
                [
                    164.18012976646423,
                    444.06676292419434
                ],
                [
                    171.9873547554016,
                    479.9197316169739
                ],
                [
                    171.3695228099823,
                    476.4580428600311
                ],
                [
                    163.55487704277039,
                    440.60540199279785
                ],
                [
                    117.5423413515091,
                    456.323504447937
                ],
                [
                    122.73116409778595,
                    493.54255199432373
                ],
                [
                    121.81982398033142,
                    490.09668827056885
                ],
                [
                    116.65406823158264,
                    452.8696537017822
                ],
                [
                    143.84585618972778,
                    466.1625325679779
                ]
            ],
            "provenance": "visii",
            "quaternion_xyzw": [
                0.8787446022033691,
                0.13557778298854828,
                -0.05277344584465027,
                0.454578697681427
            ],
            "quaternion_xyzw_world": [
                0.7608372569084167,
                -0.5724860429763794,
                0.2534851133823395,
                -0.17068076133728027
            ],
            "segmentation_id": 4,
            "visibility": 1
        },
        {
            "bounding_box_minx_maxx_miny_maxy": [
                187,
                499,
                242,
                500
            ],
            "class": "INTERNATIONAL",
            "local_cuboid": null,
            "local_to_world_matrix": [
                [
                    -0.11970484256744385,
                    0.5934665203094482,
                    -0.795907199382782,
                    0.0
                ],
                [
                    -0.1608445793390274,
                    0.779488205909729,
                    0.6054148077964783,
                    0.0
                ],
                [
                    0.9796937108039856,
                    0.20048843324184418,
                    0.0021474361419677734,
                    0.0
                ],
                [
                    0.1512613296508789,
                    -0.10365163534879684,
                    -0.1689065545797348,
                    1.0
                ]
            ],
            "location": [
                0.10365163534879684,
                -0.1689065545797348,
                -0.1512613296508789
            ],
            "location_world": [
                0.1512613296508789,
                -0.10365163534879684,
                -0.1689065545797348
            ],
            "name": "google_INTERNATIONAL_PAPER_Willamette_4_Brown_Bag_500Count_4",
            "projected_cuboid": [
                [
                    447.348952293396,
                    977.2024750709534
                ],
                [
                    -2.3074746131896973,
                    722.5761413574219
                ],
                [
                    -156.5764844417572,
                    1290.2116775512695
                ],
                [
                    729.4631004333496,
                    1617.748737335205
                ],
                [
                    725.4601120948792,
                    505.52624464035034
                ],
                [
                    367.7015006542206,
                    211.04691922664642
                ],
                [
                    592.9161310195923,
                    175.91285705566406
                ],
                [
                    1161.543607711792,
                    692.5253868103027
                ],
                [
                    495.9430694580078,
                    709.7113132476807
                ]
            ],
            "provenance": "visii",
            "quaternion_xyzw": [
                -0.4418179392814636,
                0.8914279341697693,
                0.04571092128753662,
                -0.08979785442352295
            ],
            "quaternion_xyzw_world": [
                0.15705060958862305,
                0.6886664032936096,
                0.2925593852996826,
                0.6445794701576233
            ],
            "segmentation_id": 5,
            "visibility": 1
        },
        {
            "bounding_box_minx_maxx_miny_maxy": [
                -1,
                -1,
                -1,
                -1
            ],
            "class": "LEGO",
            "local_cuboid": null,
            "local_to_world_matrix": [
                [
                    -0.16921281814575195,
                    -0.8859699368476868,
                    0.4317690432071686,
                    0.0
                ],
                [
                    0.9287343621253967,
                    -0.28996729850769043,
                    -0.23102301359176636,
                    0.0
                ],
                [
                    0.3298783004283905,
                    0.3619067072868347,
                    0.8718966841697693,
                    0.0
                ],
                [
                    1.606859564781189,
                    -0.12712571024894714,
                    -0.70658940076828,
                    1.0
                ]
            ],
            "location": [
                0.12712571024894714,
                -0.70658940076828,
                -1.606859564781189
            ],
            "location_world": [
                1.606859564781189,
                -0.12712571024894714,
                -0.70658940076828
            ],
            "name": "google_LEGO_5887_Dino_Defense_HQ_5",
            "projected_cuboid": [
                [
                    324.9568045139313,
                    386.6293430328369
                ],
                [
                    345.2685475349426,
                    389.0465497970581
                ],
                [
                    383.3749294281006,
                    476.29982233047485
                ],
                [
                    370.6268072128296,
                    493.9330220222473
                ],
                [
                    166.05611145496368,
                    455.5628299713135
                ],
                [
                    212.82514929771423,
                    446.04557752609253
                ],
                [
                    242.92738735675812,
                    532.32342004776
                ],
                [
                    200.01789927482605,
                    561.3352656364441
                ],
                [
                    280.02268075942993,
                    466.4377272129059
                ]
            ],
            "provenance": "visii",
            "quaternion_xyzw": [
                -0.7821239233016968,
                -0.23069757223129272,
                0.06159316748380661,
                0.5755581259727478
            ],
            "quaternion_xyzw_world": [
                -0.24942825734615326,
                -0.04286247119307518,
                -0.763393223285675,
                0.5942888259887695
            ],
            "segmentation_id": 6,
            "visibility": 0
        },
        {
            "bounding_box_minx_maxx_miny_maxy": [
                -1,
                -1,
                -1,
                -1
            ],
            "class": "Mens",
            "local_cuboid": null,
            "local_to_world_matrix": [
                [
                    0.9053323864936829,
                    0.25628039240837097,
                    -0.3386645019054413,
                    0.0
                ],
                [
                    -0.036910176277160645,
                    0.8418748378753662,
                    0.5384091734886169,
                    0.0
                ],
                [
                    0.42309680581092834,
                    -0.47493913769721985,
                    0.771635890007019,
                    0.0
                ],
                [
                    0.5772058367729187,
                    -0.3923094570636749,
                    -0.24624405801296234,
                    1.0
                ]
            ],
            "location": [
                0.3923094570636749,
                -0.24624405801296234,
                -0.5772058367729187
            ],
            "location_world": [
                0.5772058367729187,
                -0.3923094570636749,
                -0.24624405801296234
            ],
            "name": "google_Mens_ASV_Shock_Light_Bungee_in_Light_Grey_xGCOvtLDnQJ_6",
            "projected_cuboid": [
                [
                    742.3205375671387,
                    472.3837971687317
                ],
                [
                    532.3050022125244,
                    336.608350276947
                ],
                [
                    500.55742263793945,
                    431.99190497398376
                ],
                [
                    727.694034576416,
                    576.8883228302002
                ],
                [
                    852.7538776397705,
                    471.8189835548401
                ],
                [
                    609.162449836731,
                    313.0049705505371
                ],
                [
                    578.8384675979614,
                    423.858642578125
                ],
                [
                    845.7747101783752,
                    595.2978134155273
                ],
                [
                    671.2809801101685,
                    451.2976408004761
                ]
            ],
            "provenance": "visii",
            "quaternion_xyzw": [
                -0.3963607847690582,
                0.7446117401123047,
                0.2714657783508301,
                0.46341991424560547
            ],
            "quaternion_xyzw_world": [
                0.2701025903224945,
                0.20304341614246368,
                0.07814837992191315,
                0.937929093837738
            ],
            "segmentation_id": 7,
            "visibility": 0
        },
        {
            "bounding_box_minx_maxx_miny_maxy": [
                3,
                190,
                123,
                231
            ],
            "class": "Twinlab",
            "local_cuboid": null,
            "local_to_world_matrix": [
                [
                    0.7140914797782898,
                    0.5655823349952698,
                    0.41254085302352905,
                    0.0
                ],
                [
                    -0.3322286009788513,
                    -0.24491500854492188,
                    0.9108461141586304,
                    0.0
                ],
                [
                    0.6161959767341614,
                    -0.7874853610992432,
                    0.013010859489440918,
                    0.0
                ],
                [
                    0.8602085113525391,
                    0.33444467186927795,
                    0.10650227963924408,
                    1.0
                ]
            ],
            "location": [
                -0.33444467186927795,
                0.10650227963924408,
                -0.8602085113525391
            ],
            "location_world": [
                0.8602085113525391,
                0.33444467186927795,
                0.10650227963924408
            ],
            "name": "google_Twinlab_100_Whey_Protein_Fuel_Chocolate_7",
            "projected_cuboid": [
                [
                    143.33730936050415,
                    211.0680639743805
                ],
                [
                    160.12215614318848,
                    127.0296573638916
                ],
                [
                    5.997300148010254,
                    107.30312764644623
                ],
                [
                    -5.107462406158447,
                    206.64039254188538
                ],
                [
                    185.74514985084534,
                    246.43921852111816
                ],
                [
                    206.91117644309998,
                    154.23735976219177
                ],
                [
                    39.98975455760956,
                    137.22199201583862
                ],
                [
                    25.23896098136902,
                    248.20323288440704
                ],
                [
                    100.5823016166687,
                    180.51785230636597
                ]
            ],
            "provenance": "visii",
            "quaternion_xyzw": [
                0.1869274526834488,
                0.8792929649353027,
                0.09815824031829834,
                0.4269273281097412
            ],
            "quaternion_xyzw_world": [
                0.6974947452545166,
                0.0836399495601654,
                0.36872565746307373,
                0.6087255477905273
            ],
            "segmentation_id": 8,
            "visibility": 1
        },
        {
            "bounding_box_minx_maxx_miny_maxy": [
                -1,
                -1,
                -1,
                -1
            ],
            "class": "Timberland",
            "local_cuboid": null,
            "local_to_world_matrix": [
                [
                    0.3930976390838623,
                    0.11744794249534607,
                    0.9119651913642883,
                    0.0
                ],
                [
                    -0.9193954467773438,
                    0.0354766845703125,
                    0.3917316496372223,
                    0.0
                ],
                [
                    0.01365441083908081,
                    -0.9924453496932983,
                    0.12192678451538086,
                    0.0
                ],
                [
                    1.148575782775879,
                    -0.5492210984230042,
                    0.042948849499225616,
                    1.0
                ]
            ],
            "location": [
                0.5492210984230042,
                0.042948849499225616,
                -1.148575782775879
            ],
            "location_world": [
                1.148575782775879,
                -0.5492210984230042,
                0.042948849499225616
            ],
            "name": "google_Timberland_Mens_Earthkeepers_Stormbuck_Chukka_8",
            "projected_cuboid": [
                [
                    554.6301603317261,
                    227.72157192230225
                ],
                [
                    631.5816640853882,
                    151.290625333786
                ],
                [
                    564.8266077041626,
                    159.41226482391357
                ],
                [
                    502.13688611984253,
                    234.18888449668884
                ],
                [
                    571.5957880020142,
                    275.9268283843994
                ],
                [
                    656.8578481674194,
                    209.83584225177765
                ],
                [
                    587.1357917785645,
                    218.41731667518616
                ],
                [
                    517.2849297523499,
                    282.68077969551086
                ],
                [
                    568.5635209083557,
                    223.7333208322525
                ]
            ],
            "provenance": "visii",
            "quaternion_xyzw": [
                0.35513201355934143,
                0.6170158386230469,
                0.4219188690185547,
                0.5613887906074524
            ],
            "quaternion_xyzw_world": [
                0.5558089017868042,
                -0.3607119023799896,
                0.4163389503955841,
                0.6225957274436951
            ],
            "segmentation_id": 9,
            "visibility": 0
        },
        {
            "bounding_box_minx_maxx_miny_maxy": [
                -1,
                -1,
                -1,
                -1
            ],
            "class": "Nescafe",
            "local_cuboid": null,
            "local_to_world_matrix": [
                [
                    -0.8904016017913818,
                    0.02515968680381775,
                    -0.45447999238967896,
                    0.0
                ],
                [
                    -0.4281975030899048,
                    0.2923387289047241,
                    0.8550935387611389,
                    0.0
                ],
                [
                    0.15437598526477814,
                    0.9559838175773621,
                    -0.24952566623687744,
                    0.0
                ],
                [
                    1.504673957824707,
                    -0.3145018219947815,
                    -0.695711612701416,
                    1.0
                ]
            ],
            "location": [
                0.3145018219947815,
                -0.695711612701416,
                -1.504673957824707
            ],
            "location_world": [
                1.504673957824707,
                -0.3145018219947815,
                -0.695711612701416
            ],
            "name": "google_Nescafe_Tasters_Choice_Instant_Coffee_Decaf_House_Blend_Light_7_oz_9",
            "projected_cuboid": [
                [
                    309.01849269866943,
                    569.5730447769165
                ],
                [
                    300.8880615234375,
                    549.1755604743958
                ],
                [
                    376.07771158218384,
                    535.7513427734375
                ],
                [
                    382.6403319835663,
                    556.8524599075317
                ],
                [
                    306.7474365234375,
                    535.6059074401855
                ],
                [
                    299.01719093322754,
                    515.5973434448242
                ],
                [
                    369.9361979961395,
                    502.300500869751
                ],
                [
                    376.2703239917755,
                    522.9640007019043
                ],
                [
                    339.71428871154785,
                    535.675048828125
                ]
            ],
            "provenance": "visii",
            "quaternion_xyzw": [
                -0.2617836594581604,
                0.7132021188735962,
                0.06263019889593124,
                -0.6472166776657104
            ],
            "quaternion_xyzw_world": [
                -0.12921421229839325,
                0.7797861695289612,
                0.5806326866149902,
                0.195199653506279
            ],
            "segmentation_id": 10,
            "visibility": 0
        },
        {
            "bounding_box_minx_maxx_miny_maxy": [
                -1,
                -1,
                -1,
                -1
            ],
            "class": "Remington",
            "local_cuboid": null,
            "local_to_world_matrix": [
                [
                    0.39475828409194946,
                    -0.4062851071357727,
                    -0.8240742683410645,
                    0.0
                ],
                [
                    -0.8323236107826233,
                    0.22171032428741455,
                    -0.5080177187919617,
                    0.0
                ],
                [
                    0.38910579681396484,
                    0.8864406943321228,
                    -0.2506387233734131,
                    0.0
                ],
                [
                    1.7043269872665405,
                    -0.6395214200019836,
                    -0.5930761098861694,
                    1.0
                ]
            ],
            "location": [
                0.6395214200019836,
                -0.5930761098861694,
                -1.7043269872665405
            ],
            "location_world": [
                1.7043269872665405,
                -0.6395214200019836,
                -0.5930761098861694
            ],
            "name": "google_Remington_TStudio_Silk_Ceramic_Hair_Straightener_2_Inch_Floating_Plates_10",
            "projected_cuboid": [
                [
                    455.98548650741577,
                    437.2479021549225
                ],
                [
                    463.4737968444824,
                    529.2717218399048
                ],
                [
                    489.04263973236084,
                    527.5090932846069
                ],
                [
                    477.76806354522705,
                    434.4712793827057
                ],
                [
                    444.932758808136,
                    408.69206190109253
                ],
                [
                    450.766921043396,
                    498.7071752548218
                ],
                [
                    476.93485021591187,
                    496.3811933994293
                ],
                [
                    467.1470522880554,
                    405.4364264011383
                ],
                [
                    465.41398763656616,
                    463.8616144657135
                ]
            ],
            "provenance": "visii",
            "quaternion_xyzw": [
                -0.7588492631912231,
                0.34452977776527405,
                0.4220861494541168,
                -0.3567778170108795
            ],
            "quaternion_xyzw_world": [
                -0.5965917110443115,
                0.5190353393554688,
                0.18227224051952362,
                0.584343671798706
            ],
            "segmentation_id": 11,
            "visibility": 0
        },
        {
            "bounding_box_minx_maxx_miny_maxy": [
                -1,
                -1,
                -1,
                -1
            ],
            "class": "Predito",
            "local_cuboid": null,
            "local_to_world_matrix": [
                [
                    0.1446751356124878,
                    0.06811685860157013,
                    -0.9871318340301514,
                    0.0
                ],
                [
                    -0.46826475858688354,
                    -0.8741283416748047,
                    -0.12894847989082336,
                    0.0
                ],
                [
                    -0.8716634511947632,
                    0.48089465498924255,
                    -0.09456789493560791,
                    0.0
                ],
                [
                    1.0862714052200317,
                    0.4648515284061432,
                    -0.4829500615596771,
                    1.0
                ]
            ],
            "location": [
                -0.4648515284061432,
                -0.4829500615596771,
                -1.0862714052200317
            ],
            "location_world": [
                1.0862714052200317,
                0.4648515284061432,
                -0.4829500615596771
            ],
            "name": "google_Predito_LZ_TRX_FG_W_11",
            "projected_cuboid": [
                [
                    -113.70867490768433,
                    548.263669013977
                ],
                [
                    -13.821542263031006,
                    609.0713739395142
                ],
                [
                    42.99083352088928,
                    568.6562061309814
                ],
                [
                    -54.41167950630188,
                    517.3044800758362
                ],
                [
                    -114.71495032310486,
                    499.9389052391052
                ],
                [
                    -13.52989673614502,
                    555.2006959915161
                ],
                [
                    43.99000108242035,
                    519.4568037986755
                ],
                [
                    -54.64571714401245,
                    472.78231382369995
                ],
                [
                    -36.273032426834106,
                    534.1185331344604
                ]
            ],
            "provenance": "visii",
            "quaternion_xyzw": [
                0.2174673229455948,
                -0.1299085170030594,
                -0.7191538214683533,
                0.647031307220459
            ],
            "quaternion_xyzw_world": [
                0.7268719673156738,
                -0.13762667775154114,
                -0.6393131613731384,
                -0.20974916219711304
            ],
            "segmentation_id": 12,
            "visibility": 0
        },
        {
            "bounding_box_minx_maxx_miny_maxy": [
                207,
                308,
                316,
                383
            ],
            "class": "Fresca",
            "local_cuboid": null,
            "local_to_world_matrix": [
                [
                    0.16993337869644165,
                    0.9628784656524658,
                    0.20973241329193115,
                    0.0
                ],
                [
                    -0.9822317361831665,
                    0.18269795179367065,
                    -0.04292134940624237,
                    0.0
                ],
                [
                    -0.07964571565389633,
                    -0.1987120807170868,
                    0.9768162965774536,
                    0.0
                ],
                [
                    1.6289383172988892,
                    -0.08919618278741837,
                    -0.3506685197353363,
                    1.0
                ]
            ],
            "location": [
                0.08919618278741837,
                -0.3506685197353363,
                -1.6289383172988892
            ],
            "location_world": [
                1.6289383172988892,
                -0.08919618278741837,
                -0.3506685197353363
            ],
            "name": "google_Fresca_Peach_Citrus_Sparkling_Flavored_Soda_12_PK_12",
            "projected_cuboid": [
                [
                    225.81151127815247,
                    312.42048740386963
                ],
                [
                    214.0173316001892,
                    320.0954496860504
                ],
                [
                    204.50294017791748,
                    367.55698919296265
                ],
                [
                    216.9792354106903,
                    356.1743497848511
                ],
                [
                    368.2138919830322,
                    346.2769687175751
                ],
                [
                    368.75179409980774,
                    357.3630750179291
                ],
                [
                    357.75816440582275,
                    406.72802925109863
                ],
                [
                    358.1292927265167,
                    391.64409041404724
                ],
                [
                    287.80409693717957,
                    356.72906041145325
                ]
            ],
            "provenance": "visii",
            "quaternion_xyzw": [
                0.009964212775230408,
                0.6782903671264648,
                0.722053587436676,
                0.1358729898929596
            ],
            "quaternion_xyzw_world": [
                0.051037002354860306,
                -0.09480020403862,
                0.6372175812721252,
                0.7631263732910156
            ],
            "segmentation_id": 13,
            "visibility": 1
        },
        {
            "bounding_box_minx_maxx_miny_maxy": [
