{
    "camera_data": {
        "camera_look_at": {
            "at": [
                1.0,
                0.0,
                0.0
            ],
            "eye": [
                0.0,
                0.0,
                0.0
            ],
            "up": [
                0.0,
                0.0,
                1.0
            ]
        },
        "camera_view_matrix": [
            [
                0.0,
                0.0,
                -1.0,
                0.0
            ],
            [
                -1.0,
                0.0,
                0.0,
                0.0
            ],
            [
                0.0,
                1.0,
                0.0,
                0.0
            ],
            [
                0.0,
                0.0,
                0.0,
                1.0
            ]
        ],
        "height": 500,
        "intrinsics": {
            "cx": 250.0,
            "cy": 250.0,
            "fx": 603.5535278320312,
            "fy": 603.5535278320312
        },
        "location_world": [
            0.0,
            0.0,
            0.0
        ],
        "quaternion_world_xyzw": [
            0.5,
            -0.5,
            -0.5,
            0.5
        ],
        "width": 500
    },
    "objects": [
        {
            "bounding_box_minx_maxx_miny_maxy": [
                198,
                242,
                86,
                132
            ],
            "class": "Perricone",
            "local_cuboid": null,
            "local_to_world_matrix": [
                [
                    -0.11727786064147949,
                    0.892960786819458,
                    0.43458855152130127,
                    0.0
                ],
                [
                    -0.9918135404586792,
                    -0.08305490016937256,
                    -0.0969952940940857,
                    0.0
                ],
                [
                    -0.050518348813056946,
                    -0.4424061179161072,
                    0.8953908085823059,
                    0.0
                ],
                [
                    1.886509895324707,
                    0.11500928550958633,
                    0.3932037353515625,
                    1.0
                ]
            ],
            "location": [
                -0.11500928550958633,
                0.3932037353515625,
                -1.886509895324707
            ],
            "location_world": [
                1.886509895324707,
                0.11500928550958633,
                0.3932037353515625
            ],
            "name": "google_Perricone_MD_Photo_Plasma_0",
            "projected_cuboid": [
                [
                    212.58018910884857,
                    87.61906623840332
                ],
                [
                    213.04075419902802,
                    83.99130403995514
                ],
                [
                    197.98025488853455,
                    115.16343057155609
                ],
                [
                    198.0302333831787,
                    117.72699654102325
                ],
                [
                    242.52983927726746,
                    103.12700271606445
                ],
                [
                    244.03151869773865,
                    100.0642329454422
                ],
                [
                    228.98316383361816,
                    130.98257780075073
                ],
                [
                    227.99119353294373,
                    132.99816846847534
                ],
                [
                    220.67944705486298,
                    109.03054475784302
                ]
            ],
            "provenance": "visii",
            "quaternion_xyzw": [
                0.19590575993061066,
                0.6605768799781799,
                0.7142259478569031,
                0.1230471134185791
            ],
            "quaternion_xyzw_world": [
                0.1326519399881363,
                -0.18630096316337585,
                0.7238306999206543,
                0.6509720683097839
            ],
            "segmentation_id": 1,
            "visibility": 1
        },
        {
            "bounding_box_minx_maxx_miny_maxy": [
                -1,
                -1,
                -1,
                -1
            ],
            "class": "Glycerin",
            "local_cuboid": null,
            "local_to_world_matrix": [
                [
                    -0.07702600955963135,
                    0.9763633012771606,
                    0.20194470882415771,
                    0.0
                ],
                [
                    0.3607248365879059,
                    -0.16153466701507568,
                    0.9185771942138672,
                    0.0
                ],
                [
                    0.9294861555099487,
                    0.14360085129737854,
                    -0.3397561311721802,
                    0.0
                ],
                [
                    0.25400984287261963,
                    0.10516728460788727,
                    0.41541969776153564,
                    1.0
                ]
            ],
            "location": [
                -0.10516728460788727,
                0.41541969776153564,
                -0.25400984287261963
            ],
            "location_world": [
                0.25400984287261963,
                0.10516728460788727,
                0.41541969776153564
            ],
            "name": "google_Glycerin_11_Color_BrllntBluSkydvrSlvrBlckWht_Size_80_1",
            "projected_cuboid": [
                [
                    -140.97335934638977,
                    -203.82016897201538
                ],
                [
                    27.90236473083496,
                    -480.43590784072876
                ],
                [
                    -25.593489408493042,
                    -875.2881288528442
                ],
                [
                    -334.5411419868469,
                    -642.3065662384033
                ],
                [
                    83.87666940689087,
                    -146.88536524772644
                ],
                [
                    192.99092888832092,
                    -431.9360852241516
                ],
                [
                    207.5928896665573,
                    -795.6284284591675
                ],
                [
                    38.642510771751404,
                    -530.162513256073
                ],
                [
                    31.349480152130127,
                    -496.3958263397217
                ]
            ],
            "provenance": "visii",
            "quaternion_xyzw": [
                0.09293228387832642,
                0.9778071045875549,
                -0.17909491062164307,
                -0.0564085990190506
            ],
            "quaternion_xyzw_world": [
                0.5967128276824951,
                0.5601891279220581,
                0.47402653098106384,
                0.32468563318252563
            ],
            "segmentation_id": 2,
            "visibility": 0
        },
        {
            "bounding_box_minx_maxx_miny_maxy": [
                400,
                499,
                64,
                328
            ],
            "class": "Jansport",
            "local_cuboid": null,
            "local_to_world_matrix": [
                [
                    -0.31292057037353516,
                    0.9466063976287842,
                    0.07756966352462769,
                    0.0
                ],
                [
                    0.3659834861755371,
                    0.19554084539413452,
                    -0.9098460674285889,
                    0.0
                ],
                [
                    -0.8764341473579407,
                    -0.2563203275203705,
                    -0.4076310396194458,
                    0.0
                ],
                [
                    0.8350377082824707,
                    -0.3518174886703491,
                    0.10610559582710266,
                    1.0
                ]
            ],
            "location": [
                0.3518174886703491,
                0.10610559582710266,
                -0.8350377082824707
            ],
            "location_world": [
                0.8350377082824707,
                -0.3518174886703491,
                0.10610559582710266
            ],
            "name": "google_Jansport_School_Backpack_Blue_Streak_2",
            "projected_cuboid": [
                [
                    847.0978736877441,
                    49.128517508506775
                ],
                [
                    575.736403465271,
                    551.1826276779175
                ],
                [
                    346.1303114891052,
                    285.1661145687103
                ],
                [
                    425.97776651382446,
                    5.665913224220276
                ],
                [
                    1163.3554697036743,
                    139.34126496315002
                ],
                [
                    870.274543762207,
                    521.4220285415649
                ],
                [
                    548.6732721328735,
                    298.5679805278778
                ],
                [
                    650.9956121444702,
                    59.39646065235138
                ],
                [
                    624.0341663360596,
                    235.57718098163605
                ]
            ],
            "provenance": "visii",
            "quaternion_xyzw": [
                -0.14731387794017792,
                0.2002037614583969,
                -0.966033935546875,
                -0.07067827880382538
            ],
            "quaternion_xyzw_world": [
                0.4741227924823761,
                0.6921149492263794,
                -0.4212329089641571,
                -0.34459730982780457
            ],
            "segmentation_id": 3,
            "visibility": 1
        },
        {
            "bounding_box_minx_maxx_miny_maxy": [
                -1,
                -1,
                -1,
                -1
            ],
            "class": "Mario",
            "local_cuboid": null,
            "local_to_world_matrix": [
                [
                    -0.9855141639709473,
                    -0.08499085158109665,
                    0.1467619389295578,
                    0.0
                ],
                [
                    -0.14186695218086243,
                    0.887319803237915,
                    -0.43879082798957825,
                    0.0
                ],
                [
                    -0.0929315835237503,
                    -0.4532550871372223,
                    -0.8865237236022949,
                    0.0
                ],
                [
                    1.9222646951675415,
                    0.7673425078392029,
                    0.7115641832351685,
                    1.0
                ]
            ],
            "location": [
                -0.7673425078392029,
                0.7115641832351685,
                -1.9222646951675415
            ],
            "location_world": [
                1.9222646951675415,
                0.7673425078392029,
                0.7115641832351685
            ],
            "name": "google_Mario_Luigi_Dream_Team_Nintendo_3DS_Game_3",
            "projected_cuboid": [
                [
                    23.54288101196289,
                    11.865124106407166
                ],
                [
                    -14.975696802139282,
                    27.54276990890503
                ],
                [
                    -17.172187566757202,
                    23.004040122032166
                ],
                [
                    21.33604884147644,
                    7.382422685623169
                ],
                [
                    35.37270426750183,
                    34.1140478849411
                ],
                [
                    -0.403672456741333,
                    48.918262124061584
                ],
                [
                    -2.461165189743042,
                    44.67359185218811
                ],
                [
                    33.30647945404053,
                    29.918357729911804
                ],
                [
                    10.137498378753662,
                    28.77838909626007
                ]
            ],
            "provenance": "visii",
            "quaternion_xyzw": [
                -0.5980907678604126,
                0.3095508813858032,
                -0.6014008522033691,
                -0.4298638701438904
            ],
            "quaternion_xyzw_world": [
                -0.05850148946046829,
                0.9694531559944153,
                -0.23003843426704407,
                -0.061811529099941254
            ],
            "segmentation_id": 4,
            "visibility": 0
        },
        {
            "bounding_box_minx_maxx_miny_maxy": [
                0,
                499,
                147,
                500
            ],
            "class": "INTERNATIONAL",
            "local_cuboid": null,
            "local_to_world_matrix": [
                [
                    -0.36040520668029785,
                    0.7491532564163208,
                    -0.5557677745819092,
                    0.0
                ],
                [
                    0.006894022226333618,
                    0.5979313850402832,
                    0.8015177249908447,
                    0.0
                ],
                [
                    0.9327706098556519,
                    0.2850395143032074,
                    -0.22066235542297363,
                    0.0
                ],
                [
                    0.1611301302909851,
                    -0.010587044060230255,
                    -0.12720359861850739,
                    1.0
                ]
            ],
            "location": [
                0.010587044060230255,
                -0.12720359861850739,
                -0.1611301302909851
            ],
            "location_world": [
                0.1611301302909851,
                -0.010587044060230255,
                -0.12720359861850739
            ],
            "name": "google_INTERNATIONAL_PAPER_Willamette_4_Brown_Bag_500Count_4",
            "projected_cuboid": [
                [
                    117.34426021575928,
                    1084.168791770935
                ],
                [
                    -262.42315769195557,
                    567.7361488342285
                ],
                [
                    -638.454258441925,
                    768.3196067810059
                ],
                [
                    177.65100300312042,
                    1889.4034624099731
                ],
                [
                    514.9928331375122,
                    578.2641172409058
                ],
                [
                    241.45227670669556,
                    211.72749996185303
                ],
                [
                    350.08618235588074,
                    99.90379214286804
                ],
                [
                    794.9278950691223,
                    693.7960386276245
                ],
                [
                    225.7002592086792,
                    625.9313821792603
                ]
            ],
            "provenance": "visii",
            "quaternion_xyzw": [
                -0.30907106399536133,
                0.9331990480422974,
                -0.06096133589744568,
                -0.17291180789470673
            ],
            "quaternion_xyzw_world": [
                0.2560887336730957,
                0.738071620464325,
                0.36803922057151794,
                0.5041984915733337
            ],
            "segmentation_id": 5,
            "visibility": 1
        },
        {
            "bounding_box_minx_maxx_miny_maxy": [
                -1,
                -1,
                -1,
                -1
            ],
            "class": "LEGO",
            "local_cuboid": null,
            "local_to_world_matrix": [
                [
                    -0.365797758102417,
                    0.3767763376235962,
                    0.8510180115699768,
                    0.0
                ],
                [
                    0.5690076947212219,
                    0.8141288161277771,
                    -0.11586447060108185,
                    0.0
                ],
                [
                    -0.7364932894706726,
                    0.4418528079986572,
                    -0.5121951103210449,
                    0.0
                ],
                [
                    1.8926129341125488,
                    -0.07075484842061996,
                    -0.5847477316856384,
                    1.0
                ]
            ],
            "location": [
                0.07075484842061996,
                -0.5847477316856384,
                -1.8926129341125488
            ],
            "location_world": [
                1.8926129341125488,
                -0.07075484842061996,
                -0.5847477316856384
            ],
            "name": "google_LEGO_5887_Dino_Defense_HQ_5",
            "projected_cuboid": [
                [
                    258.1442892551422,
                    449.8438835144043
                ],
                [
                    157.1579873561859,
                    440.9297704696655
                ],
                [
                    203.34020256996155,
                    378.9386749267578
                ],
                [
                    298.24963212013245,
                    379.6404302120209
                ],
                [
                    318.71846318244934,
                    568.7469840049744
                ],
                [
                    220.25179862976074,
                    548.0614900588989
                ],
                [
                    256.8446695804596,
                    481.02864623069763
                ],
                [
                    349.0172326564789,
                    492.47923493385315
                ],
                [
                    257.39338994026184,
                    467.8614139556885
                ]
            ],
            "provenance": "visii",
            "quaternion_xyzw": [
                0.025470077991485596,
                0.36208376288414,
                -0.7465142607688904,
                -0.5576406717300415
            ],
            "quaternion_xyzw_world": [
                0.28821370005607605,
                0.8203843235969543,
                0.09934012591838837,
                -0.48377060890197754
            ],
            "segmentation_id": 6,
            "visibility": 0
        },
        {
            "bounding_box_minx_maxx_miny_maxy": [
                245,
                360,
                1,
                30
            ],
            "class": "Mens",
            "local_cuboid": null,
            "local_to_world_matrix": [
                [
                    -0.09456729888916016,
                    -0.6812819838523865,
                    0.7258869409561157,
                    0.0
                ],
                [
                    -0.9953330159187317,
                    0.07877999544143677,
                    -0.055731236934661865,
                    0.0
                ],
                [
                    -0.019216686487197876,
                    -0.7277696132659912,
                    -0.6855524778366089,
                    0.0
                ],
                [
                    0.28427278995513916,
                    -0.009788823314011097,
                    0.1962638944387436,
                    1.0
                ]
            ],
            "location": [
                0.009788823314011097,
                0.1962638944387436,
                -0.28427278995513916
            ],
            "location_world": [
                0.28427278995513916,
                -0.009788823314011097,
                0.1962638944387436
            ],
            "name": "google_Mens_ASV_Shock_Light_Bungee_in_Light_Grey_xGCOvtLDnQJ_6",
            "projected_cuboid": [
                [
                    456.0581147670746,
                    16.453027725219727
                ],
                [
                    794.0690517425537,
                    -410.103976726532
                ],
                [
                    405.06628155708313,
                    -757.0489645004272
                ],
                [
                    332.38306641578674,
                    -97.7545976638794
                ],
                [
                    348.54039549827576,
                    131.3406229019165
                ],
                [
                    449.31498169898987,
                    -37.1113121509552
                ],
                [
                    92.6344245672226,
                    -365.75525999069214
                ],
                [
                    228.33283245563507,
                    19.21360194683075
                ],
                [
                    362.1353507041931,
                    -82.32450485229492
                ]
            ],
            "provenance": "visii",
            "quaternion_xyzw": [
                -0.6553236842155457,
                -0.2468653917312622,
                -0.31371402740478516,
                -0.6412423849105835
            ],
            "quaternion_xyzw_world": [
                -0.6148587465286255,
                0.6817073822021484,
                -0.2873303294181824,
                -0.273249089717865
            ],
            "segmentation_id": 7,
            "visibility": 1
        },
        {
            "bounding_box_minx_maxx_miny_maxy": [
                -1,
                -1,
                -1,
                -1
            ],
            "class": "Twinlab",
            "local_cuboid": null,
            "local_to_world_matrix": [
                [
                    0.6528452038764954,
                    -0.3923192620277405,
                    -0.6479805707931519,
                    0.0
                ],
                [
                    0.47508561611175537,
                    0.8783338665962219,
                    -0.05313419550657272,
                    0.0
                ],
                [
                    0.5899888277053833,
                    -0.27315783500671387,
                    0.7598012685775757,
                    0.0
                ],
                [
                    0.306092768907547,
                    0.2984522879123688,
                    0.08347882330417633,
                    1.0
                ]
            ],
            "location": [
                -0.2984522879123688,
                0.08347882330417633,
                -0.306092768907547
            ],
            "location_world": [
                0.306092768907547,
                0.2984522879123688,
                0.08347882330417633
            ],
            "name": "google_Twinlab_100_Whey_Protein_Fuel_Chocolate_7",
            "projected_cuboid": [
                [
                    86.78871393203735,
                    -47.08948731422424
                ],
                [
                    -42.8314208984375,
                    2.5187283754348755
                ],
                [
                    -263.95565271377563,
                    207.22860097885132
                ],
                [
                    -124.01703000068665,
                    181.59005045890808
                ],
                [
                    -60.0738525390625,
                    -297.3421812057495
                ],
                [
                    -195.19361853599548,
                    -194.23875212669373
                ],
                [
                    -574.3179321289062,
                    -19.998103380203247
                ],
                [
                    -474.3105173110962,
                    -135.77699661254883
                ],
                [
                    -165.3687059879303,
                    -36.75636649131775
                ]
            ],
            "provenance": "visii",
            "quaternion_xyzw": [
                -0.7133446335792542,
                0.5349147915840149,
                0.13306590914726257,
                0.43278059363365173
            ],
            "quaternion_xyzw_world": [
                0.06064244732260704,
                0.34120646119117737,
                -0.2390722781419754,
                0.9070529937744141
            ],
            "segmentation_id": 8,
            "visibility": 0
        },
        {
            "bounding_box_minx_maxx_miny_maxy": [
                -1,
                -1,
                -1,
                -1
            ],
            "class": "Timberland",
            "local_cuboid": null,
            "local_to_world_matrix": [
                [
                    -0.49733448028564453,
                    0.8380598425865173,
                    -0.22430972754955292,
                    0.0
                ],
                [
                    -0.5228249430656433,
                    -0.49585068225860596,
                    -0.6933879256248474,
                    0.0
                ],
                [
                    -0.6923244595527649,
                    -0.2275707870721817,
                    0.684761643409729,
                    0.0
                ],
                [
                    1.08004891872406,
                    -0.46550023555755615,
                    -0.018101608380675316,
                    1.0
                ]
            ],
            "location": [
                0.46550023555755615,
                -0.018101608380675316,
                -1.08004891872406
            ],
            "location_world": [
                1.08004891872406,
                -0.46550023555755615,
                -0.018101608380675316
            ],
            "name": "google_Timberland_Mens_Earthkeepers_Stormbuck_Chukka_8",
            "projected_cuboid": [
                [
                    461.381733417511,
                    161.16201877593994
                ],
                [
                    602.392315864563,
                    289.18665647506714
                ],
                [
                    556.9658875465393,
                    335.189551115036
                ],
                [
                    432.37370252609253,
                    209.71007645130157
                ],
                [
                    502.2151470184326,
                    151.86788141727448
                ],
                [
                    641.7802572250366,
                    270.73270082473755
                ],
                [
                    595.7649350166321,
                    315.66083431243896
                ],
                [
                    471.82419896125793,
                    198.74820113182068
                ],
                [
                    527.7949571609497,
                    237.51655220985413
                ]
            ],
            "provenance": "visii",
            "quaternion_xyzw": [
                0.2018686681985855,
                0.33628398180007935,
                0.8977433443069458,
                -0.20054736733436584
            ],
            "quaternion_xyzw_world": [
                -0.2800690233707428,
                -0.28139033913612366,
                0.8182216882705688,
                0.4158056378364563
            ],
            "segmentation_id": 9,
            "visibility": 0
        },
        {
            "bounding_box_minx_maxx_miny_maxy": [
                -1,
                -1,
                -1,
                -1
            ],
            "class": "Nescafe",
            "local_cuboid": null,
            "local_to_world_matrix": [
                [
                    -0.7338130474090576,
                    -0.18731795251369476,
                    0.6530164480209351,
                    0.0
                ],
                [
                    -0.4782015085220337,
                    -0.5403308868408203,
                    -0.6923625469207764,
                    0.0
                ],
                [
                    0.48253682255744934,
                    -0.8203381299972534,
                    0.30692607164382935,
                    0.0
                ],
                [
                    1.7448354959487915,
                    -0.6721933484077454,
                    0.1265706717967987,
                    1.0
                ]
            ],
            "location": [
                0.6721933484077454,
                0.1265706717967987,
                -1.7448354959487915
            ],
            "location_world": [
                1.7448354959487915,
                -0.6721933484077454,
                0.1265706717967987
            ],
            "name": "google_Nescafe_Tasters_Choice_Instant_Coffee_Decaf_House_Blend_Light_7_oz_9",
            "projected_cuboid": [
                [
                    519.6150541305542,
                    169.41270232200623
                ],
                [
                    539.8721098899841,
                    186.29951775074005
                ],
                [
                    500.84054470062256,
                    203.27579975128174
                ],
                [
                    480.3888499736786,
                    185.14111638069153
                ],
                [
                    503.6744475364685,
                    192.6526427268982
                ],
                [
                    522.8273868560791,
                    209.3668133020401
                ],
                [
                    484.5033884048462,
                    226.83177888393402
                ],
                [
                    465.20352363586426,
                    208.91733467578888
                ],
                [
                    502.3360848426819,
                    197.66952097415924
                ]
            ],
            "provenance": "visii",
            "quaternion_xyzw": [
                0.7684752941131592,
                0.38821911811828613,
                0.5055956244468689,
                0.055719226598739624
            ],
            "quaternion_xyzw_world": [
                0.3534090220928192,
                -0.47078555822372437,
                0.8032854199409485,
                0.09052933007478714
            ],
            "segmentation_id": 10,
            "visibility": 0
        },
        {
            "bounding_box_minx_maxx_miny_maxy": [
                -1,
                -1,
                -1,
                -1
            ],
            "class": "Remington",
            "local_cuboid": null,
            "local_to_world_matrix": [
                [
                    -0.2860783338546753,
                    0.844166100025177,
                    -0.4533687233924866,
                    0.0
                ],
                [
                    0.19537752866744995,
                    -0.41181445121765137,
                    -0.8900768756866455,
                    0.0
                ],
                [
                    -0.9380763173103333,
                    -0.34320953488349915,
                    -0.047120094299316406,
                    0.0
                ],
                [
                    1.9676669836044312,
                    -0.7639280557632446,
                    -0.3910996615886688,
                    1.0
                ]
            ],
            "location": [
                0.7639280557632446,
                -0.3910996615886688,
                -1.9676669836044312
            ],
            "location_world": [
                1.9676669836044312,
                -0.7639280557632446,
                -0.3910996615886688
            ],
            "name": "google_Remington_TStudio_Silk_Ceramic_Hair_Straightener_2_Inch_Floating_Plates_10",
            "projected_cuboid": [
                [
                    464.85427021980286,
                    342.34073758125305
                ],
                [
                    499.660849571228,
                    429.81743812561035
                ],
                [
                    484.92231965065,
                    423.23464155197144
                ],
                [
                    450.75660943984985,
                    338.37172389030457
                ],
                [
                    494.3254590034485,
                    322.60388135910034
                ],
                [
                    527.545690536499,
                    409.12553668022156
                ],
                [
                    512.2091770172119,
                    403.29569578170776
                ],
                [
                    479.5483946800232,
                    319.3341791629791
                ],
                [
                    489.515095949173,
                    374.083936214447
                ]
            ],
            "provenance": "visii",
            "quaternion_xyzw": [
                0.16419090330600739,
                -0.06327134370803833,
                0.9581648707389832,
                -0.22573962807655334
            ],
            "quaternion_xyzw_world": [
                -0.5414924621582031,
                -0.47994372248649597,
                0.642412006855011,
                0.25248149037361145
            ],
            "segmentation_id": 11,
            "visibility": 0
        },
        {
            "bounding_box_minx_maxx_miny_maxy": [
                -1,
                -1,
                -1,
                -1
            ],
            "class": "Predito",
            "local_cuboid": null,
            "local_to_world_matrix": [
                [
                    -0.36693477630615234,
                    -0.7226307988166809,
                    0.5858016610145569,
                    0.0
                ],
                [
                    0.33445578813552856,
                    -0.6901005506515503,
                    -0.6417948007583618,
                    0.0
                ],
                [
                    0.8680427670478821,
                    -0.03957203030586243,
                    0.4949098825454712,
                    0.0
                ],
                [
                    0.8144164681434631,
                    -0.14818145334720612,
                    -0.5470384359359741,
                    1.0
                ]
            ],
            "location": [
                0.14818145334720612,
                -0.5470384359359741,
                -0.8144164681434631
            ],
            "location_world": [
                0.8144164681434631,
                -0.14818145334720612,
                -0.5470384359359741
            ],
            "name": "google_Predito_LZ_TRX_FG_W_11",
            "projected_cuboid": [
                [
                    317.6572918891907,
                    519.8336839675903
                ],
                [
                    427.11859941482544,
                    602.4012565612793
                ],
                [
                    444.5100426673889,
                    683.3708882331848
                ],
                [
                    322.8640556335449,
                    599.4669795036316
                ],
                [
                    270.18970251083374,
                    546.0455417633057
                ],
                [
                    380.14647364616394,
                    623.4208345413208
                ],
                [
                    391.6211724281311,
                    703.6443948745728
                ],
                [
                    269.27995681762695,
                    625.551700592041
                ],
                [
                    355.13046383857727,
                    612.9598617553711
                ]
            ],
            "provenance": "visii",
            "quaternion_xyzw": [
                0.898953378200531,
                0.35482993721961975,
                0.11305001378059387,
                -0.23064759373664856
            ],
            "quaternion_xyzw_world": [
                0.45504283905029297,
                -0.2132629156112671,
                0.7987404465675354,
                -0.3308604955673218
            ],
            "segmentation_id": 12,
            "visibility": 0
        },
        {
            "bounding_box_minx_maxx_miny_maxy": [
                0,
                21,
                1,
                142
            ],
            "class": "Fresca",
            "local_cuboid": null,
            "local_to_world_matrix": [
                [
                    0.5439063310623169,
                    0.05972426012158394,
                    -0.837017834186554,
                    0.0
                ],
                [
                    -0.032847654074430466,
                    0.998214840888977,
                    0.04988136887550354,
                    0.0
                ],
                [
                    0.8385027050971985,
                    0.0003632791340351105,
                    0.544897198677063,
                    0.0
                ],
                [
                    1.5434218645095825,
                    0.7186015248298645,
                    0.46389347314834595,
                    1.0
                ]
            ],
            "location": [
                -0.7186015248298645,
                0.46389347314834595,
                -1.5434218645095825
            ],
            "location_world": [
                1.5434218645095825,
                0.7186015248298645,
                0.46389347314834595
            ],
            "name": "google_Fresca_Peach_Citrus_Sparkling_Flavored_Soda_12_PK_12",
            "projected_cuboid": [
                [
                    24.06962215900421,
                    126.9359290599823
                ],
                [
                    -24.238944053649902,
                    124.23115968704224
                ],
                [
                    -42.267173528671265,
                    141.76389575004578
                ],
                [
                    9.261250495910645,
                    144.59769427776337
                ],
                [
                    1.125916838645935,
                    -24.22526478767395
                ],
                [
                    -54.213911294937134,
                    -27.769804000854492
                ],
                [
                    -77.31640338897705,
                    -19.07104253768921
                ],
                [
                    -17.710089683532715,
                    -15.285670757293701
                ],
                [
                    -21.30749821662903,
                    61.58795952796936
                ]
            ],
            "provenance": "visii",
            "quaternion_xyzw": [
                -0.6574376821517944,
                0.6978732347488403,
                0.20696625113487244,
                0.19471409916877747
            ],
            "quaternion_xyzw_world": [
                0.014091729186475277,
                0.47681528329849243,
                0.026343874633312225,
                0.8784956336021423
            ],
            "segmentation_id": 13,
            "visibility": 1
