{
    "camera_data": {
        "camera_look_at": {
            "at": [
                1.0,
                0.0,
                0.0
            ],
            "eye": [
                0.0,
                0.0,
                0.0
            ],
            "up": [
                0.0,
                0.0,
                1.0
            ]
        },
        "camera_view_matrix": [
            [
                0.0,
                0.0,
                -1.0,
                0.0
            ],
            [
                -1.0,
                0.0,
                0.0,
                0.0
            ],
            [
                0.0,
                1.0,
                0.0,
                0.0
            ],
            [
                0.0,
                0.0,
                0.0,
                1.0
            ]
        ],
        "height": 500,
        "intrinsics": {
            "cx": 250.0,
            "cy": 250.0,
            "fx": 603.5535278320312,
            "fy": 603.5535278320312
        },
        "location_world": [
            0.0,
            0.0,
            0.0
        ],
        "quaternion_world_xyzw": [
            0.5,
            -0.5,
            -0.5,
            0.5
        ],
        "width": 500
    },
    "objects": [
        {
            "bounding_box_minx_maxx_miny_maxy": [
                197,
                241,
                90,
                132
            ],
            "class": "Perricone",
            "local_cuboid": null,
            "local_to_world_matrix": [
                [
                    0.8788728713989258,
                    0.4770544171333313,
                    -0.001257583498954773,
                    0.0
                ],
                [
                    -0.3796589970588684,
                    0.7010335922241211,
                    0.6036645770072937,
                    0.0
                ],
                [
                    0.2888624668121338,
                    -0.5300670266151428,
                    0.7972373962402344,
                    0.0
                ],
                [
                    1.8995155096054077,
                    0.12471430003643036,
                    0.4008006155490875,
                    1.0
                ]
            ],
            "location": [
                -0.12471430003643036,
                0.4008006155490875,
                -1.8995155096054077
            ],
            "location_world": [
                1.8995155096054077,
                0.12471430003643036,
                0.4008006155490875
            ],
            "name": "google_Perricone_MD_Photo_Plasma_0",
            "projected_cuboid": [
                [
                    228.44122350215912,
                    109.01716351509094
                ],
                [
                    214.11654353141785,
                    95.13843059539795
                ],
                [
                    196.18213176727295,
                    118.83683502674103
                ],
                [
                    210.9554260969162,
                    132.6308250427246
                ],
                [
                    243.46023797988892,
                    102.05624997615814
                ],
                [
                    228.62210869789124,
                    87.3953104019165
                ],
                [
                    210.0202739238739,
                    112.16390132904053
                ],
                [
                    225.34659504890442,
                    126.73439085483551
                ],
                [
                    219.58696842193604,
                    110.52964627742767
                ]
            ],
            "provenance": "visii",
            "quaternion_xyzw": [
                -0.22811371088027954,
                0.7696722745895386,
                0.3822719156742096,
                0.4576427936553955
            ],
            "quaternion_xyzw_world": [
                0.3084647059440613,
                0.07893560081720352,
                0.23309382796287537,
                0.9188503623008728
            ],
            "segmentation_id": 1,
            "visibility": 1
        },
        {
            "bounding_box_minx_maxx_miny_maxy": [
                -1,
                -1,
                -1,
                -1
            ],
            "class": "Glycerin",
            "local_cuboid": null,
            "local_to_world_matrix": [
                [
                    0.8598127365112305,
                    0.5095508098602295,
                    0.03286449611186981,
                    0.0
                ],
                [
                    0.3616827726364136,
                    -0.6532057523727417,
                    0.6652131080627441,
                    0.0
                ],
                [
                    0.3604270815849304,
                    -0.5600721836090088,
                    -0.7459303140640259,
                    0.0
                ],
                [
                    0.25130757689476013,
                    0.11918763071298599,
                    0.46858736872673035,
                    1.0
                ]
            ],
            "location": [
                -0.11918763071298599,
                0.46858736872673035,
                -0.25130757689476013
            ],
            "location_world": [
                0.25130757689476013,
                0.11918763071298599,
                0.46858736872673035
            ],
            "name": "google_Glycerin_11_Color_BrllntBluSkydvrSlvrBlckWht_Size_80_1",
            "projected_cuboid": [
                [
                    -102.40620374679565,
                    -294.62969303131104
                ],
                [
                    288.60753774642944,
                    -447.9077458381653
                ],
                [
                    165.48088192939758,
                    -714.4909501075745
                ],
                [
                    -357.77318477630615,
                    -649.6379375457764
                ],
                [
                    -99.59879517555237,
                    -572.077751159668
                ],
                [
                    422.90550470352173,
                    -676.6015887260437
                ],
                [
                    275.8488655090332,
                    -1094.8575735092163
                ],
                [
                    -535.8932018280029,
                    -1273.9530801773071
                ],
                [
                    72.42384552955627,
                    -664.4964218139648
                ]
            ],
            "provenance": "visii",
            "quaternion_xyzw": [
                0.21544334292411804,
                0.7961142063140869,
                -0.3478184938430786,
                0.44587984681129456
            ],
            "quaternion_xyzw_world": [
                0.9026279449462891,
                0.24130474030971527,
                0.1089295968413353,
                0.3393661081790924
            ],
            "segmentation_id": 2,
            "visibility": 0
        },
        {
            "bounding_box_minx_maxx_miny_maxy": [
                342,
                499,
                1,
                155
            ],
            "class": "Jansport",
            "local_cuboid": null,
            "local_to_world_matrix": [
                [
                    -0.5508112907409668,
                    0.7594733834266663,
                    0.3461318016052246,
                    0.0
                ],
                [
                    -0.6440429091453552,
                    -0.12298405170440674,
                    -0.7550389170646667,
                    0.0
                ],
                [
                    -0.5308632850646973,
                    -0.6388075947761536,
                    0.5568743944168091,
                    0.0
                ],
                [
                    0.966825544834137,
                    -0.2421169877052307,
                    0.31776586174964905,
                    1.0
                ]
            ],
            "location": [
                0.2421169877052307,
                0.31776586174964905,
                -0.966825544834137
            ],
            "location_world": [
                0.966825544834137,
                -0.2421169877052307,
                0.31776586174964905
            ],
            "name": "google_Jansport_School_Backpack_Blue_Streak_2",
            "projected_cuboid": [
                [
                    537.9886031150818,
                    -370.65255641937256
                ],
                [
                    726.9612550735474,
                    -329.91909980773926
                ],
                [
                    347.6729989051819,
                    52.46001482009888
                ],
                [
                    295.94355821609497,
                    -71.4503824710846
                ],
                [
                    651.7426371574402,
                    -161.64058446884155
                ],
                [
                    826.2834548950195,
                    -61.732351779937744
                ],
                [
                    501.89805030822754,
                    173.57179522514343
                ],
                [
                    427.6408553123474,
                    45.9212064743042
                ],
                [
                    517.8771018981934,
                    -67.38361716270447
                ]
            ],
            "provenance": "visii",
            "quaternion_xyzw": [
                0.34084537625312805,
                0.3440825939178467,
                0.8725502490997314,
                0.06393551826477051
            ],
            "quaternion_xyzw_world": [
                -0.0618433803319931,
                -0.46662425994873047,
                0.7467713356018066,
                0.4698614776134491
            ],
            "segmentation_id": 3,
            "visibility": 1
        },
        {
            "bounding_box_minx_maxx_miny_maxy": [
                57,
                88,
                1,
                15
            ],
            "class": "Mario",
            "local_cuboid": null,
            "local_to_world_matrix": [
                [
                    -0.9144684076309204,
                    0.3783380389213562,
                    -0.14355434477329254,
                    0.0
                ],
                [
                    0.11025066673755646,
                    -0.10838854312896729,
                    -0.98797607421875,
                    0.0
                ],
                [
                    -0.389348566532135,
                    -0.919299840927124,
                    0.057405948638916016,
                    0.0
                ],
                [
                    1.8872616291046143,
                    0.5652284622192383,
                    0.7999224662780762,
                    1.0
                ]
            ],
            "location": [
                -0.5652284622192383,
                0.7999224662780762,
                -1.8872616291046143
            ],
            "location_world": [
                1.8872616291046143,
                0.5652284622192383,
                0.7999224662780762
            ],
            "name": "google_Mario_Luigi_Dream_Team_Nintendo_3DS_Game_3",
            "projected_cuboid": [
                [
                    55.728718638420105,
                    -34.16857123374939
                ],
                [
                    61.68279051780701,
                    8.865445852279663
                ],
                [
                    57.40082263946533,
                    10.00840961933136
                ],
                [
                    51.43505334854126,
                    -32.86677598953247
                ],
                [
                    84.54471826553345,
                    -21.87424898147583
                ],
                [
                    89.91129696369171,
                    18.299460411071777
                ],
                [
                    85.81292629241943,
                    19.338443875312805
                ],
                [
                    80.43476939201355,
                    -20.696789026260376
                ],
                [
                    71.35309278964996,
                    -6.379574537277222
                ]
            ],
            "provenance": "visii",
            "quaternion_xyzw": [
                0.5523335933685303,
                -0.015916913747787476,
                0.8300094604492188,
                -0.07588556408882141
            ],
            "quaternion_xyzw_world": [
                -0.18473917245864868,
                -0.6611871719360352,
                0.7211558222770691,
                0.0929366946220398
            ],
            "segmentation_id": 4,
            "visibility": 1
        },
        {
            "bounding_box_minx_maxx_miny_maxy": [
                208,
                396,
                430,
                500
            ],
            "class": "INTERNATIONAL",
            "local_cuboid": null,
            "local_to_world_matrix": [
                [
                    0.0937463641166687,
                    0.4739375114440918,
                    -0.8755540251731873,
                    0.0
                ],
                [
                    0.14017511904239655,
                    0.8643835783004761,
                    0.48289960622787476,
                    0.0
                ],
                [
                    0.9856787323951721,
                    -0.1680009514093399,
                    0.014598548412322998,
                    0.0
                ],
                [
                    0.12880584597587585,
                    -0.0239349827170372,
                    -0.2504781484603882,
                    1.0
                ]
            ],
            "location": [
                0.0239349827170372,
                -0.2504781484603882,
                -0.12880584597587585
            ],
            "location_world": [
                0.12880584597587585,
                -0.0239349827170372,
                -0.2504781484603882
            ],
            "name": "google_INTERNATIONAL_PAPER_Willamette_4_Brown_Bag_500Count_4",
            "projected_cuboid": [
                [
                    467.8621292114258,
                    1237.8418445587158
                ],
                [
                    -10.470598936080933,
                    865.4534220695496
                ],
                [
                    -324.238657951355,
                    1404.6553373336792
                ],
                [
                    596.2034463882446,
                    2350.34441947937
                ],
                [
                    818.8861608505249,
                    738.6443614959717
                ],
                [
                    249.420627951622,
                    397.83206582069397
                ],
                [
                    143.22561025619507,
                    558.762788772583
                ],
                [
                    1473.2732772827148,
                    1437.3599290847778
                ],
                [
                    357.677161693573,
                    1007.3554515838623
                ]
            ],
            "provenance": "visii",
            "quaternion_xyzw": [
                -0.5071591734886169,
                0.8576881289482117,
                -0.03660321980714798,
                0.0762944146990776
            ],
            "quaternion_xyzw_world": [
                0.23171330988407135,
                0.6625780463218689,
                0.11881567537784576,
                0.7022692561149597
            ],
            "segmentation_id": 5,
            "visibility": 1
        },
        {
            "bounding_box_minx_maxx_miny_maxy": [
                201,
                343,
                389,
                485
            ],
            "class": "LEGO",
            "local_cuboid": null,
            "local_to_world_matrix": [
                [
                    -0.6348892450332642,
                    0.5151113271713257,
                    0.5758262872695923,
                    0.0
                ],
                [
                    0.2435612678527832,
                    0.8407456874847412,
                    -0.4835541248321533,
                    0.0
                ],
                [
                    -0.7332077026367188,
                    -0.166754350066185,
                    -0.6592415571212769,
                    0.0
                ],
                [
                    1.8584362268447876,
                    -0.037235528230667114,
                    -0.5590808391571045,
                    1.0
                ]
            ],
            "location": [
                0.037235528230667114,
                -0.5590808391571045,
                -1.8584362268447876
            ],
            "location_world": [
                1.8584362268447876,
                -0.037235528230667114,
                -0.5590808391571045
            ],
            "name": "google_LEGO_5887_Dino_Defense_HQ_5",
            "projected_cuboid": [
                [
                    298.70128631591797,
                    457.73008465766907
                ],
                [
                    182.94334411621094,
                    511.5090608596802
                ],
                [
                    175.24513602256775,
                    423.33507537841797
                ],
                [
                    277.27505564689636,
                    371.27336859703064
                ],
                [
                    370.543897151947,
                    513.0678415298462
                ],
                [
                    269.4855332374573,
                    555.949866771698
                ],
                [
                    254.7183334827423,
                    476.00406408309937
                ],
                [
                    345.20381689071655,
                    433.8725805282593
                ],
                [
                    273.18108081817627,
                    468.3331251144409
                ]
            ],
            "provenance": "visii",
            "quaternion_xyzw": [
                -0.24250520765781403,
                0.2731069326400757,
                -0.8264189958572388,
                -0.42852723598480225
            ],
            "quaternion_xyzw_world": [
                0.2142467200756073,
                0.88527911901474,
                -0.18364503979682922,
                -0.36966702342033386
            ],
            "segmentation_id": 6,
            "visibility": 1
        },
        {
            "bounding_box_minx_maxx_miny_maxy": [
                -1,
                -1,
                -1,
                -1
            ],
            "class": "Mens",
            "local_cuboid": null,
            "local_to_world_matrix": [
                [
                    -0.9224932193756104,
                    -0.3663756549358368,
                    0.12155348807573318,
                    0.0
                ],
                [
                    -0.3626450002193451,
                    0.7146587371826172,
                    -0.5981232523918152,
                    0.0
                ],
                [
                    0.1322685331106186,
                    -0.5958454012870789,
                    -0.7921321392059326,
                    0.0
                ],
                [
                    0.2058504819869995,
                    0.15819638967514038,
                    0.3049529492855072,
                    1.0
                ]
            ],
            "location": [
                -0.15819638967514038,
                0.3049529492855072,
                -0.2058504819869995
            ],
            "location_world": [
                0.2058504819869995,
                0.15819638967514038,
                0.3049529492855072
            ],
            "name": "google_Mens_ASV_Shock_Light_Bungee_in_Light_Grey_xGCOvtLDnQJ_6",
            "projected_cuboid": [
                [
                    342.3626720905304,
                    -569.317638874054
                ],
                [
                    -611.5989685058594,
                    -416.1476492881775
                ],
                [
                    -1146.7939615249634,
                    -1056.0084581375122
                ],
                [
                    146.01758122444153,
                    -900.7705450057983
                ],
                [
                    240.55995047092438,
                    -293.75743865966797
                ],
                [
                    -330.1795721054077,
                    -78.71392369270325
                ],
                [
                    -583.0533504486084,
                    -380.9661269187927
                ],
                [
                    102.30003297328949,
                    -504.4829249382019
                ],
                [
                    -97.89124131202698,
                    -479.7121286392212
                ]
            ],
            "provenance": "visii",
            "quaternion_xyzw": [
                -0.7240109443664551,
                0.20479846000671387,
                -0.5242801904678345,
                -0.39874300360679626
            ],
            "quaternion_xyzw_world": [
                -0.1968376189470291,
                0.925916314125061,
                -0.3223748803138733,
                0.0028930928092449903
            ],
            "segmentation_id": 7,
            "visibility": 0
        },
        {
            "bounding_box_minx_maxx_miny_maxy": [
                0,
                217,
                451,
                500
            ],
            "class": "Twinlab",
            "local_cuboid": null,
            "local_to_world_matrix": [
                [
                    0.26217520236968994,
                    -0.044984444975852966,
                    0.9639712572097778,
                    0.0
                ],
                [
                    -0.46847015619277954,
                    -0.8792462348937988,
                    0.08638103306293488,
                    0.0
                ],
                [
                    0.8436822891235352,
                    -0.4742387533187866,
                    -0.251590371131897,
                    0.0
                ],
                [
                    0.2559788227081299,
                    0.17734263837337494,
                    -0.1735597401857376,
                    1.0
                ]
            ],
            "location": [
                -0.17734263837337494,
                -0.1735597401857376,
                -0.2559788227081299
            ],
            "location_world": [
                0.2559788227081299,
                0.17734263837337494,
                -0.1735597401857376
            ],
            "name": "google_Twinlab_100_Whey_Protein_Fuel_Chocolate_7",
            "projected_cuboid": [
                [
                    113.65358531475067,
                    442.0190453529358
                ],
                [
                    273.4362781047821,
                    454.9645781517029
                ],
                [
                    -13.838708400726318,
                    477.6880145072937
                ],
                [
                    -217.5428867340088,
                    450.400710105896
                ],
                [
                    93.35561096668243,
                    646.0249423980713
                ],
                [
                    265.4620110988617,
                    696.2281465530396
                ],
                [
                    -90.61494469642639,
                    989.0140295028687
                ],
                [
                    -304.64309453964233,
                    819.413959980011
                ],
                [
                    58.12864005565643,
                    590.7049179077148
                ]
            ],
            "provenance": "visii",
            "quaternion_xyzw": [
                0.6712461709976196,
                0.6864908933639526,
                0.07898128032684326,
                0.2681804895401001
            ],
            "quaternion_xyzw_world": [
                0.7734681367874146,
                -0.16595855355262756,
                0.5842689275741577,
                0.18120326101779938
            ],
            "segmentation_id": 8,
            "visibility": 1
        },
        {
            "bounding_box_minx_maxx_miny_maxy": [
                440,
                499,
                219,
                302
            ],
            "class": "Timberland",
            "local_cuboid": null,
            "local_to_world_matrix": [
                [
                    -0.6968880891799927,
                    0.22376446425914764,
                    0.6813783645629883,
                    0.0
                ],
                [
                    -0.6824960112571716,
                    -0.49880146980285645,
                    -0.5342248678207397,
                    0.0
                ],
                [
                    0.22033201158046722,
                    -0.8373329639434814,
                    0.5003271698951721,
                    0.0
                ],
                [
                    1.0560405254364014,
                    -0.4197159707546234,
                    -0.05595000460743904,
                    1.0
                ]
            ],
            "location": [
                0.4197159707546234,
                -0.05595000460743904,
                -1.0560405254364014
            ],
            "location_world": [
                1.0560405254364014,
                -0.4197159707546234,
                -0.05595000460743904
            ],
            "name": "google_Timberland_Mens_Earthkeepers_Stormbuck_Chukka_8",
            "projected_cuboid": [
                [
                    474.9680757522583,
                    185.5906844139099
                ],
                [
                    623.7437725067139,
                    276.7275273799896
                ],
                [
                    570.0448751449585,
                    315.8075213432312
                ],
                [
                    427.91247367858887,
                    215.30009806156158
                ],
                [
                    472.9662537574768,
                    227.62244939804077
                ],
                [
                    609.8068952560425,
                    320.36200165748596
                ],
                [
                    560.0152015686035,
                    357.4608266353607
                ],
                [
                    428.9540648460388,
                    256.2768757343292
                ],
                [
                    514.3842697143555,
                    265.2460038661957
                ]
            ],
            "provenance": "visii",
            "quaternion_xyzw": [
                0.6186259984970093,
                0.4769359230995178,
                0.620011568069458,
                0.07361835241317749
            ],
            "quaternion_xyzw_world": [
                0.2745843529701233,
                -0.4176599681377411,
                0.8209775686264038,
                0.275969922542572
            ],
            "segmentation_id": 9,
            "visibility": 1
        },
        {
            "bounding_box_minx_maxx_miny_maxy": [
                -1,
                -1,
                -1,
                -1
            ],
            "class": "Nescafe",
            "local_cuboid": null,
            "local_to_world_matrix": [
                [
                    0.8856796026229858,
                    0.42965105175971985,
                    0.1759873926639557,
                    0.0
                ],
                [
                    -0.46125712990760803,
                    0.8575265407562256,
                    0.2277938276529312,
                    0.0
                ],
                [
                    -0.05304199829697609,
                    -0.2829277813434601,
                    0.9576734304428101,
                    0.0
                ],
                [
                    1.6349239349365234,
                    -0.3876793384552002,
                    0.6352918148040771,
                    1.0
                ]
            ],
            "location": [
                0.3876793384552002,
                0.6352918148040771,
                -1.6349239349365234
            ],
            "location_world": [
                1.6349239349365234,
                -0.3876793384552002,
                0.6352918148040771
            ],
            "name": "google_Nescafe_Tasters_Choice_Instant_Coffee_Decaf_House_Blend_Light_7_oz_9",
            "projected_cuboid": [
                [
                    412.32892870903015,
                    -40.837109088897705
                ],
                [
                    391.0658061504364,
                    -53.88432741165161
                ],
                [
                    371.1179196834564,
                    12.606069445610046
                ],
                [
                    392.6873803138733,
                    24.144694209098816
                ],
                [
                    436.7213249206543,
                    -49.99712109565735
                ],
                [
                    414.8620069026947,
                    -63.97402286529541
                ],
                [
                    393.6779499053955,
                    6.203606724739075
                ],
                [
                    415.8843457698822,
                    18.502220511436462
                ],
                [
                    403.3251702785492,
                    -18.128275871276855
                ]
            ],
            "provenance": "visii",
            "quaternion_xyzw": [
                -0.2690321207046509,
                0.6333251595497131,
                0.5601114630699158,
                0.4612984359264374
            ],
            "quaternion_xyzw_world": [
                0.13273999094963074,
                -0.05952627584338188,
                0.23155303299427032,
                0.961883544921875
            ],
            "segmentation_id": 10,
            "visibility": 0
        },
        {
            "bounding_box_minx_maxx_miny_maxy": [
                467,
                499,
                325,
                399
            ],
            "class": "Remington",
            "local_cuboid": null,
            "local_to_world_matrix": [
                [
                    0.12984299659729004,
                    0.9136722087860107,
                    -0.3851544260978699,
                    0.0
                ],
                [
                    0.4161642789840698,
                    -0.402789831161499,
                    -0.815210223197937,
                    0.0
                ],
                [
                    -0.8999711871147156,
                    -0.05443814396858215,
                    -0.4325371980667114,
                    0.0
                ],
                [
                    1.9390584230422974,
                    -0.7740582227706909,
                    -0.34741801023483276,
                    1.0
                ]
            ],
            "location": [
                0.7740582227706909,
                -0.34741801023483276,
                -1.9390584230422974
            ],
            "location_world": [
                1.9390584230422974,
                -0.7740582227706909,
                -0.34741801023483276
            ],
            "name": "google_Remington_TStudio_Silk_Ceramic_Hair_Straightener_2_Inch_Floating_Plates_10",
            "projected_cuboid": [
                [
                    464.47527408599854,
                    340.2775824069977
                ],
                [
                    489.87406492233276,
                    415.30323028564453
                ],
                [
                    481.7201495170593,
                    401.8685221672058
                ],
                [
                    456.54165744781494,
                    328.2546103000641
                ],
                [
                    504.34231758117676,
                    325.086385011673
                ],
                [
                    527.1905064582825,
                    401.7884135246277
                ],
                [
                    517.861008644104,
                    388.6472284793854
                ],
                [
                    495.0690269470215,
                    313.44377994537354
                ],
                [
                    492.4096465110779,
                    365.5872941017151
                ]
            ],
            "provenance": "visii",
            "quaternion_xyzw": [
                0.019791796803474426,
                0.22276155650615692,
                -0.9524775147438049,
                0.20681439340114594
            ],
            "quaternion_xyzw_world": [
                0.7009226083755493,
                0.47431644797325134,
                -0.45836928486824036,
                -0.27134665846824646
            ],
            "segmentation_id": 11,
            "visibility": 1
        },
        {
            "bounding_box_minx_maxx_miny_maxy": [
                -1,
                -1,
                -1,
                -1
            ],
            "class": "Predito",
            "local_cuboid": null,
            "local_to_world_matrix": [
                [
                    0.9073308110237122,
                    0.10440820455551147,
                    0.40724653005599976,
                    0.0
                ],
                [
                    0.40941816568374634,
                    -0.4395625591278076,
                    -0.799475908279419,
                    0.0
                ],
                [
                    0.09553848206996918,
                    0.8921232223510742,
                    -0.441575288772583,
                    0.0
                ],
                [
                    1.3480967283248901,
                    0.6451127529144287,
                    -0.5896502137184143,
                    1.0
                ]
            ],
            "location": [
                -0.6451127529144287,
                -0.5896502137184143,
                -1.3480967283248901
            ],
            "location_world": [
                1.3480967283248901,
                0.6451127529144287,
                -0.5896502137184143
            ],
            "name": "google_Predito_LZ_TRX_FG_W_11",
            "projected_cuboid": [
                [
                    -111.99691891670227,
                    481.4923405647278
                ],
                [
                    -37.750840187072754,
                    551.1134266853333
                ],
                [
                    2.151310443878174,
                    532.546877861023
                ],
                [
                    -69.50142979621887,
                    460.8798027038574
                ],
                [
                    -131.14070892333984,
                    514.3682956695557
                ],
                [
                    -50.92260241508484,
                    585.627555847168
                ],
                [
                    -8.69801640510559,
                    566.2050247192383
                ],
                [
                    -86.00494265556335,
                    492.6776885986328
                ],
                [
                    -60.09221076965332,
                    524.0580439567566
                ]
            ],
            "provenance": "visii",
            "quaternion_xyzw": [
                -0.6690676808357239,
                -0.3164138197898865,
                0.6723737120628357,
                -0.012015625834465027
            ],
            "quaternion_xyzw_world": [
                -0.8349354267120361,
                -0.15385212004184723,
                -0.1505460888147354,
                0.5065059661865234
            ],
            "segmentation_id": 12,
            "visibility": 0
        },
        {
            "bounding_box_minx_maxx_miny_maxy": [
                0,
                33,
                1,
                125
            ],
            "class": "Fresca",
            "local_cuboid": null,
            "local_to_world_matrix": [
                [
                    0.7832252979278564,
                    0.1112302765250206,
                    -0.611707329750061,
                    0.0
                ],
                [
                    0.3270314335823059,
                    -0.9104690551757812,
                    0.2531726360321045,
                    0.0
                ],
                [
                    -0.5287802219390869,
                    -0.39833879470825195,
                    -0.7494782209396362,
                    0.0
                ],
                [
                    1.5049046277999878,
                    0.6623916029930115,
                    0.5493620038032532,
                    1.0
                ]
            ],
            "location": [
                -0.6623916029930115,
                0.5493620038032532,
                -1.5049046277999878
            ],
            "location_world": [
                1.5049046277999878,
                0.6623916029930115,
                0.5493620038032532
            ],
            "name": "google_Fresca_Peach_Citrus_Sparkling_Flavored_Soda_12_PK_12",
            "projected_cuboid": [
                [
                    -17.4424946308136,
                    131.31827116012573
                ],
                [
                    37.43462264537811,
                    121.49778008460999
                ],
                [
                    27.598708868026733,
                    91.96342527866364
                ],
                [
                    -25.260210037231445,
                    100.55337846279144
                ],
                [
                    -63.73867392539978,
                    -19.003182649612427
                ],
                [
                    6.252914667129517,
                    -25.96142888069153
                ],
                [
                    -4.316955804824829,
                    -55.002182722091675
                ],
                [
                    -71.0446834564209,
                    -49.40629005432129
                ],
                [
                    -11.337727308273315,
                    44.65925693511963
                ]
            ],
            "provenance": "visii",
            "quaternion_xyzw": [
                0.16341423988342285,
                0.4570620059967041,
                -0.5888203978538513,
                0.6462821960449219
            ],
            "quaternion_xyzw_world": [
                0.9277893900871277,
                0.11809299886226654,
                -0.3073131740093231,
                0.1755547672510147
            ],
            "segmentation_id": 13,
            "visibility": 1
        },
        {
