{
    "camera_data": {
        "camera_look_at": {
            "at": [
                1.0,
                0.0,
                0.0
            ],
            "eye": [
                0.0,
                0.0,
                0.0
            ],
            "up": [
                0.0,
                0.0,
                1.0
            ]
        },
        "camera_view_matrix": [
            [
                0.0,
                0.0,
                -1.0,
                0.0
            ],
            [
                -1.0,
                0.0,
                0.0,
                0.0
            ],
            [
                0.0,
                1.0,
                0.0,
                0.0
            ],
            [
                0.0,
                0.0,
                0.0,
                1.0
            ]
        ],
        "height": 500,
        "intrinsics": {
            "cx": 250.0,
            "cy": 250.0,
            "fx": 603.5535278320312,
            "fy": 603.5535278320312
        },
        "location_world": [
            0.0,
            0.0,
            0.0
        ],
        "quaternion_world_xyzw": [
            0.5,
            -0.5,
            -0.5,
            0.5
        ],
        "width": 500
    },
    "objects": [
        {
            "bounding_box_minx_maxx_miny_maxy": [
                201,
                242,
                87,
                136
            ],
            "class": "Perricone",
            "local_cuboid": null,
            "local_to_world_matrix": [
                [
                    -0.6537348031997681,
                    -0.3097570538520813,
                    -0.6904214024543762,
                    0.0
                ],
                [
                    0.6328701376914978,
                    -0.7239947319030762,
                    -0.2744218409061432,
                    0.0
                ],
                [
                    -0.4148572087287903,
                    -0.6163461208343506,
                    0.6693362593650818,
                    0.0
                ],
                [
                    1.8930680751800537,
                    0.11990310251712799,
                    0.39703449606895447,
                    1.0
                ]
            ],
            "location": [
                -0.11990310251712799,
                0.39703449606895447,
                -1.8930680751800537
            ],
            "location_world": [
                1.8930680751800537,
                0.11990310251712799,
                0.39703449606895447
            ],
            "name": "google_Perricone_MD_Photo_Plasma_0",
            "projected_cuboid": [
                [
                    228.87861728668213,
                    101.97879374027252
                ],
                [
                    244.88124251365662,
                    111.1932247877121
                ],
                [
                    224.21559691429138,
                    136.98184490203857
                ],
                [
                    208.12803506851196,
                    128.56502830982208
                ],
                [
                    219.04385089874268,
                    83.80624651908875
                ],
                [
                    234.67828333377838,
                    93.07979047298431
                ],
                [
                    214.97464179992676,
                    118.35743486881256
                ],
                [
                    199.27078485488892,
                    109.84286665916443
                ],
                [
                    221.64052724838257,
                    110.5051189661026
                ]
            ],
            "provenance": "visii",
            "quaternion_xyzw": [
                0.5406758785247803,
                0.015523701906204224,
                0.5872653126716614,
                -0.6021196842193604
            ],
            "quaternion_xyzw_world": [
                -0.31659266352653503,
                -0.25514888763427734,
                0.8727923035621643,
                -0.2700032889842987
            ],
            "segmentation_id": 1,
            "visibility": 1
        },
        {
            "bounding_box_minx_maxx_miny_maxy": [
                -1,
                -1,
                -1,
                -1
            ],
            "class": "Glycerin",
            "local_cuboid": null,
            "local_to_world_matrix": [
                [
                    0.6222414970397949,
                    0.7772840857505798,
                    0.09297904372215271,
                    0.0
                ],
                [
                    0.2805331349372864,
                    -0.33229339122772217,
                    0.9004903435707092,
                    0.0
                ],
                [
                    0.7308329343795776,
                    -0.534238874912262,
                    -0.42482078075408936,
                    0.0
                ],
                [
                    0.25416916608810425,
                    0.09494136273860931,
                    0.42930763959884644,
                    1.0
                ]
            ],
            "location": [
                -0.09494136273860931,
                0.42930763959884644,
                -0.25416916608810425
            ],
            "location_world": [
                0.25416916608810425,
                0.09494136273860931,
                0.42930763959884644
            ],
            "name": "google_Glycerin_11_Color_BrllntBluSkydvrSlvrBlckWht_Size_80_1",
            "projected_cuboid": [
                [
                    42.70574450492859,
                    -165.79753160476685
                ],
                [
                    224.69401359558105,
                    -466.0629630088806
                ],
                [
                    85.98378300666809,
                    -783.2945585250854
                ],
                [
                    -216.47021174430847,
                    -472.18960523605347
                ],
                [
                    191.70519709587097,
                    -254.54968214035034
                ],
                [
                    375.96869468688965,
                    -596.0040092468262
                ],
                [
                    255.3316056728363,
                    -1054.030179977417
                ],
                [
                    -93.39126944541931,
                    -742.7793741226196
                ],
                [
                    133.5616558790207,
                    -545.3431010246277
                ]
            ],
            "provenance": "visii",
            "quaternion_xyzw": [
                0.11517243087291718,
                0.9231207370758057,
                -0.19102419912815094,
                0.31319862604141235
            ],
            "quaternion_xyzw_world": [
                0.7712579965591431,
                0.34288695454597473,
                0.2670351564884186,
                0.46506136655807495
            ],
            "segmentation_id": 2,
            "visibility": 0
        },
        {
            "bounding_box_minx_maxx_miny_maxy": [
                365,
                499,
                1,
                229
            ],
            "class": "Jansport",
            "local_cuboid": null,
            "local_to_world_matrix": [
                [
                    -0.4723515510559082,
                    0.8597098588943481,
                    0.19437825679779053,
                    0.0
                ],
                [
                    -0.2093081772327423,
                    0.10481518507003784,
                    -0.9722158908843994,
                    0.0
                ],
                [
                    -0.8561973571777344,
                    -0.49991270899772644,
                    0.13043475151062012,
                    0.0
                ],
                [
                    0.9027029275894165,
                    -0.2961062788963318,
                    0.21400322020053864,
                    1.0
                ]
            ],
            "location": [
                0.2961062788963318,
                0.21400322020053864,
                -0.9027029275894165
            ],
            "location_world": [
                0.9027029275894165,
                -0.2961062788963318,
                0.21400322020053864
            ],
            "name": "google_Jansport_School_Backpack_Blue_Streak_2",
            "projected_cuboid": [
                [
                    722.4500179290771,
                    -368.69460344314575
                ],
                [
                    755.627691745758,
                    57.164326310157776
                ],
                [
                    337.5682830810547,
                    195.91954350471497
                ],
                [
                    357.07515478134155,
                    -53.90965938568115
                ],
                [
                    886.975884437561,
                    -140.83212614059448
                ],
                [
                    932.7327609062195,
                    188.96153569221497
                ],
                [
                    518.7947750091553,
                    250.13849139213562
                ],
                [
                    521.3304758071899,
                    37.589237093925476
                ],
                [
                    586.9398713111877,
                    43.07074844837189
                ]
            ],
            "provenance": "visii",
            "quaternion_xyzw": [
                0.25313466787338257,
                0.08845403790473938,
                0.9602243304252625,
                0.07789674401283264
            ],
            "quaternion_xyzw_world": [
                -0.27036944031715393,
                -0.6014008522033691,
                0.6119581460952759,
                0.43672022223472595
            ],
            "segmentation_id": 3,
            "visibility": 1
        },
        {
            "bounding_box_minx_maxx_miny_maxy": [
                -1,
                -1,
                -1,
                -1
            ],
            "class": "Mario",
            "local_cuboid": null,
            "local_to_world_matrix": [
                [
                    -0.6330034732818604,
                    0.04295065999031067,
                    0.7729566097259521,
                    0.0
                ],
                [
                    -0.5820798873901367,
                    0.631859302520752,
                    -0.5117976069450378,
                    0.0
                ],
                [
                    -0.5103819370269775,
                    -0.7738921046257019,
                    -0.3749685287475586,
                    0.0
                ],
                [
                    1.8925166130065918,
                    0.6943749785423279,
                    0.7401756644248962,
                    1.0
                ]
            ],
            "location": [
                -0.6943749785423279,
                0.7401756644248962,
                -1.8925166130065918
            ],
            "location_world": [
                1.8925166130065918,
                0.6943749785423279,
                0.7401756644248962
            ],
            "name": "google_Mario_Luigi_Dream_Team_Nintendo_3DS_Game_3",
            "projected_cuboid": [
                [
                    42.55126416683197,
                    -13.362258672714233
                ],
                [
                    7.7276527881622314,
                    -2.5707483291625977
                ],
                [
                    4.64203953742981,
                    -3.4458935260772705
                ],
                [
                    39.431363344192505,
                    -14.155983924865723
                ],
                [
                    53.55671048164368,
                    30.958741903305054
                ],
                [
                    20.759224891662598,
                    42.960599064826965
                ],
                [
                    17.75793731212616,
                    41.92633926868439
                ],
                [
                    50.52804946899414,
                    30.01326322555542
                ],
                [
                    30.08081018924713,
                    14.446720480918884
                ]
            ],
            "provenance": "visii",
            "quaternion_xyzw": [
                -0.4895061254501343,
                -0.07206104695796967,
                -0.7185280919075012,
                -0.4887825846672058
            ],
            "quaternion_xyzw_world": [
                -0.16591085493564606,
                0.8123778700828552,
                -0.3956563174724579,
                -0.3949327766895294
            ],
            "segmentation_id": 4,
            "visibility": 0
        },
        {
            "bounding_box_minx_maxx_miny_maxy": [
                0,
                499,
                188,
                500
            ],
            "class": "INTERNATIONAL",
            "local_cuboid": null,
            "local_to_world_matrix": [
                [
                    -0.05771231651306152,
                    0.7389418482780457,
                    -0.6712931990623474,
                    0.0
                ],
                [
                    0.2709459662437439,
                    0.6587694883346558,
                    0.7018625736236572,
                    0.0
                ],
                [
                    0.9608630537986755,
                    -0.14137813448905945,
                    -0.23823249340057373,
                    0.0
                ],
                [
                    0.13224250078201294,
                    0.02628961391746998,
                    -0.14826887845993042,
                    1.0
                ]
            ],
            "location": [
                -0.02628961391746998,
                -0.14826887845993042,
                -0.13224250078201294
            ],
            "location_world": [
                0.13224250078201294,
                0.02628961391746998,
                -0.14826887845993042
            ],
            "name": "google_INTERNATIONAL_PAPER_Willamette_4_Brown_Bag_500Count_4",
            "projected_cuboid": [
                [
                    192.27099418640137,
                    1222.3930358886719
                ],
                [
                    -142.34012365341187,
                    620.4895973205566
                ],
                [
                    -547.0739006996155,
                    806.26380443573
                ],
                [
                    -26.67611837387085,
                    2451.7252445220947
                ],
                [
                    698.5528469085693,
                    702.6376128196716
                ],
                [
                    266.6793763637543,
                    248.20639193058014
                ],
                [
                    211.40629053115845,
                    132.15389847755432
                ],
                [
                    1156.6171646118164,
                    1088.4389877319336
                ],
                [
                    200.66645741462708,
                    744.0577745437622
                ]
            ],
            "provenance": "visii",
            "quaternion_xyzw": [
                -0.36057549715042114,
                0.9221805334091187,
                -0.13803648948669434,
                0.022681549191474915
            ],
            "quaternion_xyzw_world": [
                0.3611615300178528,
                0.6990554928779602,
                0.20044347643852234,
                0.5837005376815796
            ],
            "segmentation_id": 5,
            "visibility": 1
        },
        {
            "bounding_box_minx_maxx_miny_maxy": [
                -1,
                -1,
                -1,
                -1
            ],
            "class": "LEGO",
            "local_cuboid": null,
            "local_to_world_matrix": [
                [
                    -0.4905346632003784,
                    0.43893322348594666,
                    0.7528037428855896,
                    0.0
                ],
                [
                    0.31581446528434753,
                    0.8946967124938965,
                    -0.31587809324264526,
                    0.0
                ],
                [
                    -0.8121804594993591,
                    0.08279716223478317,
                    -0.5775011777877808,
                    0.0
                ],
                [
                    1.8924905061721802,
                    -0.05465482920408249,
                    -0.5646360516548157,
                    1.0
                ]
            ],
            "location": [
                0.05465482920408249,
                -0.5646360516548157,
                -1.8924905061721802
            ],
            "location_world": [
                1.8924905061721802,
                -0.05465482920408249,
                -0.5646360516548157
            ],
            "name": "google_LEGO_5887_Dino_Defense_HQ_5",
            "projected_cuboid": [
                [
                    289.5902991294861,
                    442.92908906936646
                ],
                [
                    170.88429629802704,
                    470.79962491989136
                ],
                [
                    187.22736835479736,
                    395.27398347854614
                ],
                [
                    292.3022210597992,
                    366.0305142402649
                ],
                [
                    353.7463843822479,
                    536.9341373443604
                ],
                [
                    245.52087485790253,
                    555.8353662490845
                ],
                [
                    252.36234068870544,
                    479.65648770332336
                ],
                [
                    349.12341833114624,
                    458.51993560791016
                ],
                [
                    268.13095808029175,
                    464.0998840332031
                ]
            ],
            "provenance": "visii",
            "quaternion_xyzw": [
                -0.12724429368972778,
                0.2787806987762451,
                -0.801091730594635,
                -0.5141422748565674
            ],
            "quaternion_xyzw_world": [
                0.2192429155111313,
                0.8606294989585876,
                -0.06770652532577515,
                -0.45460450649261475
            ],
            "segmentation_id": 6,
            "visibility": 0
        },
        {
            "bounding_box_minx_maxx_miny_maxy": [
                -1,
                -1,
                -1,
                -1
            ],
            "class": "Mens",
            "local_cuboid": null,
            "local_to_world_matrix": [
                [
                    -0.6070261001586914,
                    -0.5099692344665527,
                    0.6094675064086914,
                    0.0
                ],
                [
                    -0.794402003288269,
                    0.40975916385650635,
                    -0.44835567474365234,
                    0.0
                ],
                [
                    -0.02108725905418396,
                    -0.7563258409500122,
                    -0.6538549661636353,
                    0.0
                ],
                [
                    0.24175472557544708,
                    0.09288080781698227,
                    0.26813212037086487,
                    1.0
                ]
            ],
            "location": [
                -0.09288080781698227,
                0.26813212037086487,
                -0.24175472557544708
            ],
            "location_world": [
                0.24175472557544708,
                0.09288080781698227,
                0.26813212037086487
            ],
            "name": "google_Mens_ASV_Shock_Light_Bungee_in_Light_Grey_xGCOvtLDnQJ_6",
            "projected_cuboid": [
                [
                    405.0293564796448,
                    -292.26815700531006
                ],
                [
                    19.62682604789734,
                    -789.4716262817383
                ],
                [
                    -540.1482582092285,
                    -1251.4424324035645
                ],
                [
                    237.50153183937073,
                    -431.90187215805054
                ],
                [
                    293.2383120059967,
                    -98.388671875
                ],
                [
                    -94.69214081764221,
                    -109.59863662719727
                ],
                [
                    -424.991250038147,
                    -394.192099571228
                ],
                [
                    154.53124046325684,
                    -215.83610773086548
                ],
                [
                    128.5727024078369,
                    -326.21604204177856
                ]
            ],
            "provenance": "visii",
            "quaternion_xyzw": [
                -0.6959234476089478,
                -0.07174220681190491,
                -0.48976367712020874,
                -0.5202645659446716
            ],
            "quaternion_xyzw_world": [
                -0.3990832567214966,
                0.817104697227478,
                -0.3685823678970337,
                -0.19292348623275757
            ],
            "segmentation_id": 7,
            "visibility": 0
        },
        {
            "bounding_box_minx_maxx_miny_maxy": [
                0,
                154,
                218,
                368
            ],
            "class": "Twinlab",
            "local_cuboid": null,
            "local_to_world_matrix": [
                [
                    -0.6541297435760498,
                    -0.7562084197998047,
                    -0.016223937273025513,
                    0.0
                ],
                [
                    0.05704429745674133,
                    -0.02793300151824951,
                    -0.9979808330535889,
                    0.0
                ],
                [
                    0.7542283535003662,
                    -0.6537343263626099,
                    0.0614091157913208,
                    0.0
                ],
                [
                    0.2592816650867462,
                    0.2203400731086731,
                    -0.06812842935323715,
                    1.0
                ]
            ],
            "location": [
                -0.2203400731086731,
                -0.06812842935323715,
                -0.2592816650867462
            ],
            "location_world": [
                0.2592816650867462,
                0.2203400731086731,
                -0.06812842935323715
            ],
            "name": "google_Twinlab_100_Whey_Protein_Fuel_Chocolate_7",
            "projected_cuboid": [
                [
                    259.6013844013214,
                    212.53368258476257
                ],
                [
                    265.88571071624756,
                    445.4209506511688
                ],
                [
                    -201.02062821388245,
                    670.5321073532104
                ],
                [
                    -233.91973972320557,
                    223.7536460161209
                ],
                [
                    113.68200182914734,
                    217.17460453510284
                ],
                [
                    121.24961614608765,
                    402.7794599533081
                ],
                [
                    -281.95393085479736,
                    527.6710987091064
                ],
                [
                    -306.10817670822144,
                    227.5608330965042
                ],
                [
                    20.199596881866455,
                    351.8444001674652
                ]
            ],
            "provenance": "visii",
            "quaternion_xyzw": [
                0.936538577079773,
                0.003125607967376709,
                0.3491218090057373,
                -0.031620025634765625
            ],
            "quaternion_xyzw_world": [
                0.27946117520332336,
                -0.6254573464393616,
                0.6602029800415039,
                -0.3079555630683899
            ],
            "segmentation_id": 8,
            "visibility": 1
        },
        {
            "bounding_box_minx_maxx_miny_maxy": [
                437,
                499,
                206,
                283
            ],
            "class": "Timberland",
            "local_cuboid": null,
            "local_to_world_matrix": [
                [
                    -0.6163822412490845,
                    0.5668481588363647,
                    -0.5465859174728394,
                    0.0
                ],
                [
                    -0.14995230734348297,
                    -0.7659164667129517,
                    -0.6252089738845825,
                    0.0
                ],
                [
                    -0.7730376720428467,
                    -0.30340585112571716,
                    0.5570974946022034,
                    0.0
                ],
                [
                    1.0661319494247437,
                    -0.4444284439086914,
                    -0.0390518382191658,
                    1.0
                ]
            ],
            "location": [
                0.4444284439086914,
                -0.0390518382191658,
                -1.0661319494247437
            ],
            "location_world": [
                1.0661319494247437,
                -0.4444284439086914,
                -0.0390518382191658
            ],
            "name": "google_Timberland_Mens_Earthkeepers_Stormbuck_Chukka_8",
            "projected_cuboid": [
                [
                    456.4588665962219,
                    193.41197609901428
                ],
                [
                    621.1540699005127,
                    316.57901406288147
                ],
                [
                    567.1895146369934,
                    349.273145198822
                ],
                [
                    418.82824897766113,
                    235.13375222682953
                ],
                [
                    479.9162745475769,
                    161.20459139347076
                ],
                [
                    634.10484790802,
                    274.1985619068146
                ],
                [
                    582.5499892234802,
                    308.29983949661255
                ],
                [
                    442.7486062049866,
                    202.9067873954773
                ],
                [
                    522.994875907898,
                    254.03615832328796
                ]
            ],
            "provenance": "visii",
            "quaternion_xyzw": [
                0.2670782208442688,
                0.2053055465221405,
                0.86097252368927,
                -0.38111039996147156
            ],
            "quaternion_xyzw_world": [
                -0.38484957814216614,
                -0.2708173990249634,
                0.8572333455085754,
                0.20904472470283508
            ],
            "segmentation_id": 9,
            "visibility": 1
        },
        {
            "bounding_box_minx_maxx_miny_maxy": [
                -1,
                -1,
                -1,
                -1
            ],
            "class": "Nescafe",
            "local_cuboid": null,
            "local_to_world_matrix": [
                [
                    0.5982003211975098,
                    -0.35038501024246216,
                    0.7206849455833435,
                    0.0
                ],
                [
                    0.18077261745929718,
                    -0.8171558380126953,
                    -0.5473368167877197,
                    0.0
                ],
                [
                    0.7806904911994934,
                    0.45769715309143066,
                    -0.42548298835754395,
                    0.0
                ],
                [
                    1.6779429912567139,
                    -0.5215632915496826,
                    0.37561026215553284,
                    1.0
                ]
            ],
            "location": [
                0.5215632915496826,
                0.37561026215553284,
                -1.6779429912567139
            ],
            "location_world": [
                1.6779429912567139,
                -0.5215632915496826,
                0.37561026215553284
            ],
            "name": "google_Nescafe_Tasters_Choice_Instant_Coffee_Decaf_House_Blend_Light_7_oz_9",
            "projected_cuboid": [
                [
                    387.7496123313904,
                    134.4156563282013
                ],
                [
                    407.71085023880005,
                    149.3874192237854
                ],
                [
                    450.98674297332764,
                    113.04868757724762
                ],
                [
                    429.6873211860657,
                    96.49346768856049
                ],
                [
                    380.75292110443115,
                    154.24609184265137
                ],
                [
                    401.4119803905487,
                    169.54174637794495
                ],
                [
                    445.6503987312317,
                    133.6963325738907
                ],
                [
                    423.5527217388153,
                    116.7369931936264
                ],
                [
                    415.1402413845062,
                    134.07540321350098
                ]
            ],
            "provenance": "visii",
            "quaternion_xyzw": [
                0.8182927966117859,
                0.46983206272125244,
                -0.3225916028022766,
                0.07476246356964111
            ],
            "quaternion_xyzw_world": [
                0.842739462852478,
                -0.05031578242778778,
                0.4453853964805603,
                -0.2981449365615845
            ],
            "segmentation_id": 10,
            "visibility": 0
        },
        {
            "bounding_box_minx_maxx_miny_maxy": [
                472,
                499,
                342,
                405
            ],
            "class": "Remington",
            "local_cuboid": null,
            "local_to_world_matrix": [
                [
                    0.24397075176239014,
                    0.87376868724823,
                    -0.4207215905189514,
                    0.0
                ],
                [
                    0.19672846794128418,
                    -0.4694021940231323,
                    -0.8607900142669678,
                    0.0
                ],
                [
                    -0.9496189951896667,
                    0.1272396743297577,
                    -0.28641557693481445,
                    0.0
                ],
                [
                    1.9789137840270996,
                    -0.7691633701324463,
                    -0.36096739768981934,
                    1.0
                ]
            ],
            "location": [
                0.7691633701324463,
                -0.36096739768981934,
                -1.9789137840270996
            ],
            "location_world": [
                1.9789137840270996,
                -0.7691633701324463,
                -0.36096739768981934
            ],
            "name": "google_Remington_TStudio_Silk_Ceramic_Hair_Straightener_2_Inch_Floating_Plates_10",
            "projected_cuboid": [
                [
                    447.60340452194214,
                    336.20214462280273
                ],
                [
                    487.76954412460327,
                    418.78631711006165
                ],
                [
                    482.9152226448059,
                    407.9321026802063
                ],
                [
                    443.87495517730713,
                    327.6345729827881
                ],
                [
                    485.82106828689575,
                    320.73795795440674
                ],
                [
                    525.3616571426392,
                    405.12382984161377
                ],
                [
                    519.2529559135437,
                    394.53399181365967
                ],
                [
                    480.79437017440796,
                    312.5377893447876
                ],
                [
                    484.30973291397095,
                    366.0857379436493
                ]
            ],
            "provenance": "visii",
            "quaternion_xyzw": [
                0.09669852256774902,
                0.1258566975593567,
                -0.9597105979919434,
                0.23187297582626343
            ],
            "quaternion_xyzw_world": [
                0.7070693969726562,
                0.3784978985786438,
                -0.48451417684555054,
                -0.34933972358703613
            ],
            "segmentation_id": 11,
            "visibility": 1
        },
        {
            "bounding_box_minx_maxx_miny_maxy": [
                -1,
                -1,
                -1,
                -1
            ],
            "class": "Predito",
            "local_cuboid": null,
            "local_to_world_matrix": [
                [
                    -0.5861281156539917,
                    0.5667945742607117,
                    -0.5789631009101868,
                    0.0
                ],
                [
                    -0.7034602761268616,
                    -0.7105422019958496,
                    0.01655787229537964,
                    0.0
                ],
                [
                    -0.4019925594329834,
                    0.4169824719429016,
                    0.8151856660842896,
                    0.0
                ],
                [
                    0.9435093998908997,
                    -0.4843039810657501,
                    -0.5068923234939575,
                    1.0
                ]
            ],
            "location": [
                0.4843039810657501,
                -0.5068923234939575,
                -0.9435093998908997
            ],
            "location_world": [
                0.9435093998908997,
                -0.4843039810657501,
                -0.5068923234939575
            ],
            "name": "google_Predito_LZ_TRX_FG_W_11",
            "projected_cuboid": [
                [
                    449.7370719909668,
                    527.9052257537842
                ],
                [
                    640.3207778930664,
                    589.9990797042847
                ],
                [
                    653.2634496688843,
                    638.5289430618286
                ],
                [
                    468.88256072998047,
                    570.3895092010498
                ],
                [
                    469.91297602653503,
                    481.96879029273987
                ],
                [
                    652.7197360992432,
                    529.9572944641113
                ],
                [
                    664.2358303070068,
                    578.6310434341431
                ],
                [
                    487.2347116470337,
                    524.2747068405151
                ],
                [
                    552.0440936088562,
                    552.099347114563
                ]
            ],
            "provenance": "visii",
            "quaternion_xyzw": [
                0.060529232025146484,
                0.5434519648551941,
                0.6986110806465149,
                -0.4614531397819519
            ],
            "quaternion_xyzw_world": [
                -0.2780415117740631,
                0.1228824257850647,
                0.8820226788520813,
                0.3600403070449829
            ],
            "segmentation_id": 12,
            "visibility": 0
        },
        {
            "bounding_box_minx_maxx_miny_maxy": [
                0,
                47,
                1,
                128
            ],
            "class": "Fresca",
            "local_cuboid": null,
            "local_to_world_matrix": [
                [
                    0.5527689456939697,
                    0.005200088024139404,
                    -0.8333184719085693,
                    0.0
                ],
                [
                    0.658724844455719,
                    0.609764039516449,
                    0.4407602548599243,
                    0.0
                ],
                [
                    0.5104197263717651,
                    -0.7925660610198975,
                    0.3336331844329834,
                    0.0
                ],
                [
                    1.5371137857437134,
                    0.68295818567276,
                    0.5183600187301636,
                    1.0
                ]
            ],
            "location": [
                -0.68295818567276,
                0.5183600187301636,
                -1.5371137857437134
            ],
            "location_world": [
                1.5371137857437134,
                0.68295818567276,
                0.5183600187301636
            ],
            "name": "google_Fresca_Peach_Citrus_Sparkling_Flavored_Soda_12_PK_12",
            "projected_cuboid": [
                [
                    55.392444133758545,
                    119.7395771741867
                ],
                [
                    36.406442523002625,
                    105.47298192977905
                ],
                [
                    -8.505403995513916,
                    115.22917449474335
                ],
                [
                    8.691191673278809,
                    130.64336776733398
                ],
                [
                    25.90678632259369,
                    -42.59166121482849
                ],
                [
                    5.898013710975647,
                    -49.24449324607849
                ],
                [
                    -47.273844480514526,
                    -44.956326484680176
                ],
                [
                    -29.84863519668579,
                    -37.698328495025635
                ],
                [
                    7.32460618019104,
                    42.62976348400116
                ]
            ],
            "provenance": "visii",
            "quaternion_xyzw": [
                -0.515863299369812,
                0.6993533372879028,
                -0.1162114143371582,
                0.4809211790561676
            ],
            "quaternion_xyzw_world": [
                0.3903113305568695,
                0.42525342106819153,
                -0.2068212777376175,
                0.7899631857872009
            ],
            "segmentation_id": 13,
            "visibility": 1
