{
    "camera_data": {
        "camera_look_at": {
            "at": [
                1.0,
                0.0,
                0.0
            ],
            "eye": [
                0.0,
                0.0,
                0.0
            ],
            "up": [
                0.0,
                0.0,
                1.0
            ]
        },
        "camera_view_matrix": [
            [
                0.0,
                0.0,
                -1.0,
                0.0
            ],
            [
                -1.0,
                0.0,
                0.0,
                0.0
            ],
            [
                0.0,
                1.0,
                0.0,
                0.0
            ],
            [
                0.0,
                0.0,
                0.0,
                1.0
            ]
        ],
        "height": 500,
        "intrinsics": {
            "cx": 250.0,
            "cy": 250.0,
            "fx": 603.5535278320312,
            "fy": 603.5535278320312
        },
        "location_world": [
            0.0,
            0.0,
            0.0
        ],
        "quaternion_world_xyzw": [
            0.5,
            -0.5,
            -0.5,
            0.5
        ],
        "width": 500
    },
    "objects": [
        {
            "bounding_box_minx_maxx_miny_maxy": [
                205,
                246,
                92,
                133
            ],
            "class": "Perricone",
            "local_cuboid": null,
            "local_to_world_matrix": [
                [
                    0.89955073595047,
                    0.2710592746734619,
                    0.3425424098968506,
                    0.0
                ],
                [
                    -0.4278515577316284,
                    0.7048014402389526,
                    0.565860390663147,
                    0.0
                ],
                [
                    -0.08804269134998322,
                    -0.6555774211883545,
                    0.7499778270721436,
                    0.0
                ],
                [
                    1.8798390626907349,
                    0.11003140360116959,
                    0.3893071711063385,
                    1.0
                ]
            ],
            "location": [
                -0.11003140360116959,
                0.3893071711063385,
                -1.8798390626907349
            ],
            "location_world": [
                1.8798390626907349,
                0.11003140360116959,
                0.3893071711063385
            ],
            "name": "google_Perricone_MD_Photo_Plasma_0",
            "projected_cuboid": [
                [
                    239.9371862411499,
                    103.99018228054047
                ],
                [
                    225.21835565567017,
                    90.15144407749176
                ],
                [
                    203.62703502178192,
                    115.76098203659058
                ],
                [
                    218.58619153499603,
                    129.1656792163849
                ],
                [
                    248.84262681007385,
                    108.33492875099182
                ],
                [
                    233.48644375801086,
                    93.83480250835419
                ],
                [
                    210.722416639328,
                    120.76669931411743
                ],
                [
                    226.34585201740265,
                    134.78706777095795
                ],
                [
                    225.7733941078186,
                    112.12372779846191
                ]
            ],
            "provenance": "visii",
            "quaternion_xyzw": [
                -0.13696499168872833,
                0.6612255573272705,
                0.44532060623168945,
                0.5879719257354736
            ],
            "quaternion_xyzw_world": [
                0.3334559500217438,
                -0.11755094677209854,
                0.1908046156167984,
                0.915741503238678
            ],
            "segmentation_id": 1,
            "visibility": 1
        },
        {
            "bounding_box_minx_maxx_miny_maxy": [
                -1,
                -1,
                -1,
                -1
            ],
            "class": "Glycerin",
            "local_cuboid": null,
            "local_to_world_matrix": [
                [
                    -0.7038489580154419,
                    0.2699434459209442,
                    0.6570594310760498,
                    0.0
                ],
                [
                    0.6245642900466919,
                    -0.20547807216644287,
                    0.7534574866294861,
                    0.0
                ],
                [
                    0.33840224146842957,
                    0.9406961798667908,
                    -0.02397143840789795,
                    0.0
                ],
                [
                    0.24616371095180511,
                    0.14622625708580017,
                    0.4266226589679718,
                    1.0
                ]
            ],
            "location": [
                -0.14622625708580017,
                0.4266226589679718,
                -0.24616371095180511
            ],
            "location_world": [
                0.24616371095180511,
                0.14622625708580017,
                0.4266226589679718
            ],
            "name": "google_Glycerin_11_Color_BrllntBluSkydvrSlvrBlckWht_Size_80_1",
            "projected_cuboid": [
                [
                    -1004.3209791183472,
                    -1106.1527729034424
                ],
                [
                    -202.73452997207642,
                    -759.6492767333984
                ],
                [
                    -14.374643564224243,
                    -921.4656352996826
                ],
                [
                    -825.1793384552002,
                    -1697.9683637619019
                ],
                [
                    -480.3495407104492,
                    -429.2055368423462
                ],
                [
                    -68.44010949134827,
                    -450.8914351463318
                ],
                [
                    94.62407231330872,
                    -540.0988459587097
                ],
                [
                    -254.57030534744263,
                    -601.2556552886963
                ],
                [
                    -221.32563591003418,
                    -702.8408646583557
                ]
            ],
            "provenance": "visii",
            "quaternion_xyzw": [
                0.2806248664855957,
                0.768407940864563,
                -0.21099980175495148,
                -0.5350494980812073
            ],
            "quaternion_xyzw_world": [
                0.36249157786369324,
                0.6169161796569824,
                0.6865412592887878,
                -0.12913310527801514
            ],
            "segmentation_id": 2,
            "visibility": 0
        },
        {
            "bounding_box_minx_maxx_miny_maxy": [
                -1,
                -1,
                -1,
                -1
            ],
            "class": "Jansport",
            "local_cuboid": null,
            "local_to_world_matrix": [
                [
                    -0.2581430673599243,
                    0.9635476469993591,
                    0.07027092576026917,
                    0.0
                ],
                [
                    0.76459139585495,
                    0.2482193112373352,
                    -0.5948001146316528,
                    0.0
                ],
                [
                    -0.5905609130859375,
                    -0.0998150110244751,
                    -0.8007962703704834,
                    0.0
                ],
                [
                    0.7648362517356873,
                    -0.4139220118522644,
                    -0.0018219887278974056,
                    1.0
                ]
            ],
            "location": [
                0.4139220118522644,
                -0.0018219887278974056,
                -0.7648362517356873
            ],
            "location_world": [
                0.7648362517356873,
                -0.4139220118522644,
                -0.0018219887278974056
            ],
            "name": "google_Jansport_School_Backpack_Blue_Streak_2",
            "projected_cuboid": [
                [
                    858.8807582855225,
                    693.3209300041199
                ],
                [
                    479.2318344116211,
                    705.6812644004822
                ],
                [
                    378.94999980926514,
                    319.95609402656555
                ],
                [
                    538.1815433502197,
                    124.1239607334137
                ],
                [
                    1230.356216430664,
                    630.271315574646
                ],
                [
                    749.6161460876465,
                    666.7479276657104
                ],
                [
                    585.1612091064453,
                    329.1158676147461
                ],
                [
                    809.5104098320007,
                    164.19854760169983
                ],
                [
                    653.4755825996399,
                    420.0134873390198
                ]
            ],
            "provenance": "visii",
            "quaternion_xyzw": [
                -0.10086074471473694,
                0.4410744905471802,
                -0.8872582912445068,
                -0.08973999321460724
            ],
            "quaternion_xyzw_world": [
                0.568865954875946,
                0.7594667077064514,
                -0.22865226864814758,
                -0.21753151714801788
            ],
            "segmentation_id": 3,
            "visibility": 0
        },
        {
            "bounding_box_minx_maxx_miny_maxy": [
                0,
                25,
                1,
                27
            ],
            "class": "Mario",
            "local_cuboid": null,
            "local_to_world_matrix": [
                [
                    -0.6681543588638306,
                    0.6941201686859131,
                    -0.2678937315940857,
                    0.0
                ],
                [
                    0.11871597170829773,
                    0.4549080729484558,
                    0.8825900554656982,
                    0.0
                ],
                [
                    0.7344905734062195,
                    0.5579030513763428,
                    -0.3863520622253418,
                    0.0
                ],
                [
                    1.8623545169830322,
                    0.779582142829895,
                    0.7478809356689453,
                    1.0
                ]
            ],
            "location": [
                -0.779582142829895,
                0.7478809356689453,
                -1.8623545169830322
            ],
            "location_world": [
                1.8623545169830322,
                0.779582142829895,
                0.7478809356689453
            ],
            "name": "google_Mario_Luigi_Dream_Team_Nintendo_3DS_Game_3",
            "projected_cuboid": [
                [
                    -17.73896813392639,
                    28.59663963317871
                ],
                [
                    -34.28742289543152,
                    -5.921691656112671
                ],
                [
                    -33.14518928527832,
                    -9.682238101959229
                ],
                [
                    -16.478002071380615,
                    25.033414363861084
                ],
                [
                    25.22723376750946,
                    27.607932686805725
                ],
                [
                    9.136214852333069,
                    -5.257934331893921
                ],
                [
                    10.494783520698547,
                    -8.834034204483032
                ],
                [
                    26.697635650634766,
                    24.210721254348755
                ],
                [
                    -3.264188766479492,
                    9.406745433807373
                ]
            ],
            "provenance": "visii",
            "quaternion_xyzw": [
                -0.19860787689685822,
                0.9098352789878845,
                -0.13878004252910614,
                -0.33688992261886597
            ],
            "quaternion_xyzw_world": [
                0.25655874609947205,
                0.7920565605163574,
                0.45466864109039307,
                0.3163865804672241
            ],
            "segmentation_id": 4,
            "visibility": 1
        },
        {
            "bounding_box_minx_maxx_miny_maxy": [
                0,
                499,
                194,
                500
            ],
            "class": "INTERNATIONAL",
            "local_cuboid": null,
            "local_to_world_matrix": [
                [
                    -0.356914758682251,
                    0.8788092732429504,
                    -0.3167116045951843,
                    0.0
                ],
                [
                    -0.15694981813430786,
                    0.2778066396713257,
                    0.9477289915084839,
                    0.0
                ],
                [
                    0.9208576083183289,
                    0.38796624541282654,
                    0.03877568244934082,
                    0.0
                ],
                [
                    0.15866447985172272,
                    -0.08401432633399963,
                    -0.12970386445522308,
                    1.0
                ]
            ],
            "location": [
                0.08401432633399963,
                -0.12970386445522308,
                -0.15866447985172272
            ],
            "location_world": [
                0.15866447985172272,
                -0.08401432633399963,
                -0.12970386445522308
            ],
            "name": "google_INTERNATIONAL_PAPER_Willamette_4_Brown_Bag_500Count_4",
            "projected_cuboid": [
                [
                    128.07294726371765,
                    919.1789627075195
                ],
                [
                    -91.42979979515076,
                    370.4705834388733
                ],
                [
                    -215.43914079666138,
                    578.0640840530396
                ],
                [
                    258.2467794418335,
                    1602.3207902908325
                ],
                [
                    563.6255741119385,
                    592.8577184677124
                ],
                [
                    466.97336435317993,
                    170.01646757125854
                ],
                [
                    791.5436625480652,
                    132.4329674243927
                ],
                [
                    885.212242603302,
                    801.397442817688
                ],
                [
                    405.7903587818146,
                    589.8606777191162
                ]
            ],
            "provenance": "visii",
            "quaternion_xyzw": [
                -0.15355728566646576,
                0.967909574508667,
                0.050553664565086365,
                -0.19239425659179688
            ],
            "quaternion_xyzw_world": [
                0.2857021987438202,
                0.6316537261009216,
                0.5286501049995422,
                0.4898131489753723
            ],
            "segmentation_id": 5,
            "visibility": 1
        },
        {
            "bounding_box_minx_maxx_miny_maxy": [
                -1,
                -1,
                -1,
                -1
            ],
            "class": "LEGO",
            "local_cuboid": null,
            "local_to_world_matrix": [
                [
                    -0.25892937183380127,
                    0.18195605278015137,
                    0.9486029148101807,
                    0.0
                ],
                [
                    0.8255351781845093,
                    0.5515444278717041,
                    0.11954262852668762,
                    0.0
                ],
                [
                    -0.5014451742172241,
                    0.8140581846237183,
                    -0.29302215576171875,
                    0.0
                ],
                [
                    1.88909113407135,
                    -0.08296553790569305,
                    -0.5895605683326721,
                    1.0
                ]
            ],
            "location": [
                0.08296553790569305,
                -0.5895605683326721,
                -1.88909113407135
            ],
            "location_world": [
                1.88909113407135,
                -0.08296553790569305,
                -0.5895605683326721
            ],
            "name": "google_LEGO_5887_Dino_Defense_HQ_5",
            "projected_cuboid": [
                [
                    223.0890691280365,
                    433.2144260406494
                ],
                [
                    164.11536931991577,
                    390.80703258514404
                ],
                [
                    235.4339361190796,
                    357.7815890312195
                ],
                [
                    301.99944972991943,
                    391.2089467048645
                ],
                [
                    254.86940145492554,
                    576.1024355888367
                ],
                [
                    194.757878780365,
                    515.1964426040649
                ],
                [
                    260.12691855430603,
                    476.17414593696594
                ],
                [
                    326.2987434864044,
                    526.3712406158447
                ],
                [
                    244.3438470363617,
                    457.8675329685211
                ]
            ],
            "provenance": "visii",
            "quaternion_xyzw": [
                0.2219550609588623,
                0.4472285509109497,
                -0.6252716779708862,
                -0.5997982025146484
            ],
            "quaternion_xyzw_world": [
                0.3473285138607025,
                0.725171685218811,
                0.3218550980091095,
                -0.49989819526672363
            ],
            "segmentation_id": 6,
            "visibility": 0
        },
        {
            "bounding_box_minx_maxx_miny_maxy": [
                381,
                499,
                58,
                219
            ],
            "class": "Mens",
            "local_cuboid": null,
            "local_to_world_matrix": [
                [
                    0.26465171575546265,
                    -0.9514526724815369,
                    0.15715399384498596,
                    0.0
                ],
                [
                    -0.9067861437797546,
                    -0.1900707483291626,
                    0.37631383538246155,
                    0.0
                ],
                [
                    -0.3281744122505188,
                    -0.2420971691608429,
                    -0.9130666255950928,
                    0.0
                ],
                [
                    0.33683881163597107,
                    -0.1445745974779129,
                    0.0974191352725029,
                    1.0
                ]
            ],
            "location": [
                0.1445745974779129,
                0.0974191352725029,
                -0.33683881163597107
            ],
            "location_world": [
                0.33683881163597107,
                -0.1445745974779129,
                0.0974191352725029
            ],
            "name": "google_Mens_ASV_Shock_Light_Bungee_in_Light_Grey_xGCOvtLDnQJ_6",
            "projected_cuboid": [
                [
                    518.3809995651245,
                    325.9836435317993
                ],
                [
                    1083.3697319030762,
                    76.33382081985474
                ],
                [
                    859.4553470611572,
                    -187.32652068138123
                ],
                [
                    461.0593318939209,
                    184.99603867530823
                ],
                [
                    387.95071840286255,
                    355.7800054550171
                ],
                [
                    836.2813591957092,
                    110.48735678195953
                ],
                [
                    628.9528012275696,
                    -198.98569583892822
                ],
                [
                    338.1667137145996,
                    203.40344309806824
                ],
                [
                    551.8749356269836,
                    166.96257889270782
                ]
            ],
            "provenance": "visii",
            "quaternion_xyzw": [
                0.5583378076553345,
                0.1554725170135498,
                -0.01009899377822876,
                0.8148529529571533
            ],
            "quaternion_xyzw_world": [
                0.7693811058998108,
                -0.6038095951080322,
                -0.055570781230926514,
                0.20094430446624756
            ],
            "segmentation_id": 7,
            "visibility": 1
        },
        {
            "bounding_box_minx_maxx_miny_maxy": [
                -1,
                -1,
                -1,
                -1
            ],
            "class": "Twinlab",
            "local_cuboid": null,
            "local_to_world_matrix": [
                [
                    0.38441574573516846,
                    0.9216681718826294,
                    0.05246427655220032,
                    0.0
                ],
                [
                    -0.7916535139083862,
                    0.3583561182022095,
                    -0.49483931064605713,
                    0.0
                ],
                [
                    -0.4748784601688385,
                    0.1486905962228775,
                    0.8673993349075317,
                    0.0
                ],
                [
                    0.36801445484161377,
                    0.38894936442375183,
                    0.2530212104320526,
                    1.0
                ]
            ],
            "location": [
                -0.38894936442375183,
                0.2530212104320526,
                -0.36801445484161377
            ],
            "location_world": [
                0.36801445484161377,
                0.38894936442375183,
                0.2530212104320526
            ],
            "name": "google_Twinlab_100_Whey_Protein_Fuel_Chocolate_7",
            "projected_cuboid": [
                [
                    -593.9590930938721,
                    -679.8252463340759
                ],
                [
                    -1243.4052228927612,
                    -1001.0472536087036
                ],
                [
                    -629.0818452835083,
                    -141.6732370853424
                ],
                [
                    -318.4574246406555,
                    -137.78874278068542
                ],
                [
                    -461.5194797515869,
                    -865.9218549728394
                ],
                [
                    -1261.8510723114014,
                    -1466.261386871338
                ],
                [
                    -503.7599802017212,
                    -209.91834998130798
                ],
                [
                    -184.80658531188965,
                    -184.24752354621887
                ],
                [
                    -553.4276962280273,
                    -468.67042779922485
                ]
            ],
            "provenance": "visii",
            "quaternion_xyzw": [
                -0.15675847232341766,
                0.48783978819847107,
                0.8502038717269897,
                0.12080064415931702
            ],
            "quaternion_xyzw_world": [
                -0.19916093349456787,
                -0.16320309042930603,
                0.5302422642707825,
                0.807801365852356
            ],
            "segmentation_id": 8,
            "visibility": 0
        },
        {
            "bounding_box_minx_maxx_miny_maxy": [
                -1,
                -1,
                -1,
                -1
            ],
            "class": "Timberland",
            "local_cuboid": null,
            "local_to_world_matrix": [
                [
                    -0.7936064004898071,
                    0.5763849020004272,
                    -0.19485750794410706,
                    0.0
                ],
                [
                    -0.6073880195617676,
                    -0.7692660093307495,
                    0.19826634228229523,
                    0.0
                ],
                [
                    -0.03561954200267792,
                    0.27569955587387085,
                    0.9605836868286133,
                    0.0
                ],
                [
                    1.0945409536361694,
                    -0.4826964735984802,
                    0.0032826848328113556,
                    1.0
                ]
            ],
            "location": [
                0.4826964735984802,
                0.0032826848328113556,
                -1.0945409536361694
            ],
            "location_world": [
                1.0945409536361694,
                -0.4826964735984802,
                0.0032826848328113556
            ],
            "name": "google_Timberland_Mens_Earthkeepers_Stormbuck_Chukka_8",
            "projected_cuboid": [
                [
                    409.12526845932007,
                    211.28320693969727
                ],
                [
                    589.827835559845,
                    165.15903174877167
                ],
                [
                    608.5014343261719,
                    235.6908619403839
                ],
                [
                    425.4060387611389,
                    270.1480984687805
                ],
                [
                    429.4980764389038,
                    203.29564809799194
                ],
                [
                    598.301887512207,
                    159.7101390361786
                ],
                [
                    615.3423190116882,
                    224.22093152999878
                ],
                [
                    444.5267915725708,
                    257.9067647457123
                ],
                [
                    507.86375999450684,
                    217.47790277004242
                ]
            ],
            "provenance": "visii",
            "quaternion_xyzw": [
                0.21778959035873413,
                0.659361720085144,
                0.5945035815238953,
                -0.40543219447135925
            ],
            "quaternion_xyzw_world": [
                -0.06139221042394638,
                0.12625037133693695,
                0.9385435581207275,
                0.31532177329063416
            ],
            "segmentation_id": 9,
            "visibility": 0
        },
        {
            "bounding_box_minx_maxx_miny_maxy": [
                -1,
                -1,
                -1,
                -1
            ],
            "class": "Nescafe",
            "local_cuboid": null,
            "local_to_world_matrix": [
                [
                    -0.4941403865814209,
                    -0.8485769033432007,
                    0.1890588104724884,
                    0.0
                ],
                [
                    0.7465225458145142,
                    -0.5256069898605347,
                    -0.40797314047813416,
                    0.0
                ],
                [
                    0.4455670416355133,
                    -0.06045922636985779,
                    0.8932047486305237,
                    0.0
                ],
                [
                    1.8649319410324097,
                    -0.8204100728034973,
                    -0.08233389258384705,
                    1.0
                ]
            ],
            "location": [
                0.8204100728034973,
                -0.08233389258384705,
                -1.8649319410324097
            ],
            "location_world": [
                1.8649319410324097,
                -0.8204100728034973,
                -0.08233389258384705
            ],
            "name": "google_Nescafe_Tasters_Choice_Instant_Coffee_Decaf_House_Blend_Light_7_oz_9",
            "projected_cuboid": [
                [
                    521.4352607727051,
                    215.29051661491394
                ],
                [
                    526.0845422744751,
                    226.3314127922058
                ],
                [
                    534.676194190979,
                    278.8156569004059
                ],
                [
                    530.095100402832,
                    268.9844071865082
                ],
                [
                    489.2010688781738,
                    221.8371480703354
                ],
                [
                    494.6920573711395,
                    232.4204295873642
                ],
                [
                    501.7150640487671,
                    283.85791182518005
                ],
                [
                    496.2031841278076,
                    274.4402289390564
                ],
                [
                    511.5123987197876,
                    249.79238212108612
                ]
            ],
            "provenance": "visii",
            "quaternion_xyzw": [
                0.8219059109687805,
                0.2173805832862854,
                0.16869309544563293,
                -0.4987576901912689
            ],
            "quaternion_xyzw_world": [
                0.18591785430908203,
                -0.13723036646842957,
                0.8533686399459839,
                -0.46729496121406555
            ],
            "segmentation_id": 10,
            "visibility": 0
        },
        {
            "bounding_box_minx_maxx_miny_maxy": [
                -1,
                -1,
                -1,
                -1
            ],
            "class": "Remington",
            "local_cuboid": null,
            "local_to_world_matrix": [
                [
                    0.22092503309249878,
                    0.8554959297180176,
                    -0.46831512451171875,
                    0.0
                ],
                [
                    -0.22514650225639343,
                    -0.4224739074707031,
                    -0.8779666423797607,
                    0.0
                ],
                [
                    -0.948947548866272,
                    0.29940441250801086,
                    0.09927666187286377,
                    0.0
                ],
                [
                    1.9559693336486816,
                    -0.7732716798782349,
                    -0.4411459267139435,
                    1.0
                ]
            ],
            "location": [
                0.7732716798782349,
                -0.4411459267139435,
                -1.9559693336486816
            ],
            "location_world": [
                1.9559693336486816,
                -0.7732716798782349,
                -0.4411459267139435
            ],
            "name": "google_Remington_TStudio_Silk_Ceramic_Hair_Straightener_2_Inch_Floating_Plates_10",
            "projected_cuboid": [
                [
                    443.70442628860474,
                    351.46304965019226
                ],
                [
                    495.2077269554138,
                    446.80255651474
                ],
                [
                    493.4327006340027,
                    442.471444606781
                ],
                [
                    443.60214471817017,
                    350.2662777900696
                ],
                [
                    479.93749380111694,
                    334.5990180969238
                ],
                [
                    533.6352586746216,
                    430.6926131248474
                ],
                [
                    530.5715799331665,
                    426.8287420272827
                ],
                [
                    478.68654131889343,
                    333.9196443557739
                ],
                [
                    486.7156744003296,
                    388.7794613838196
                ]
            ],
            "provenance": "visii",
            "quaternion_xyzw": [
                0.13557590544223785,
                -0.08453100919723511,
                -0.959480345249176,
                0.23210188746452332
            ],
            "quaternion_xyzw_world": [
                0.6213135719299316,
                0.25363579392433167,
                -0.5702686905860901,
                -0.47374269366264343
            ],
            "segmentation_id": 11,
            "visibility": 0
        },
        {
            "bounding_box_minx_maxx_miny_maxy": [
                -1,
                -1,
                -1,
                -1
            ],
            "class": "Predito",
            "local_cuboid": null,
            "local_to_world_matrix": [
                [
                    -0.30927717685699463,
                    0.9361796975135803,
                    -0.16707798838615417,
                    0.0
                ],
                [
                    0.943390429019928,
                    0.32417988777160645,
                    0.07015584409236908,
                    0.0
                ],
                [
                    0.1198418140411377,
                    -0.13592217862606049,
                    -0.9834444522857666,
                    0.0
                ],
                [
                    0.8495652675628662,
                    0.5130035281181335,
                    -0.013413414359092712,
                    1.0
                ]
            ],
            "location": [
                -0.5130035281181335,
                -0.013413414359092712,
                -0.8495652675628662
            ],
            "location_world": [
                0.8495652675628662,
                0.5130035281181335,
                -0.013413414359092712
            ],
            "name": "google_Predito_LZ_TRX_FG_W_11",
            "projected_cuboid": [
                [
                    -164.08148407936096,
                    367.2292232513428
                ],
                [
                    -111.73191666603088,
                    326.16814970970154
                ],
                [
                    -126.47023797035217,
                    257.4725151062012
                ],
                [
                    -184.9060356616974,
                    275.5684554576874
                ],
                [
                    -80.28900623321533,
                    350.6549000740051
                ],
                [
                    -50.04033446311951,
                    314.8309588432312
                ],
                [
                    -63.513338565826416,
                    247.94292449951172
                ],
                [
                    -98.79294037818909,
                    262.1816396713257
                ],
                [
                    -106.13703727722168,
                    298.4999120235443
                ]
            ],
            "provenance": "visii",
            "quaternion_xyzw": [
                -0.1684534102678299,
                0.7290709018707275,
                -0.6607159376144409,
                -0.05944381281733513
            ],
            "quaternion_xyzw_world": [
                0.5809447765350342,
                0.8088420033454895,
                -0.020327309146523476,
                0.08868227899074554
            ],
            "segmentation_id": 12,
            "visibility": 0
        },
        {
            "bounding_box_minx_maxx_miny_maxy": [
                0,
                11,
                95,
                164
            ],
            "class": "Fresca",
            "local_cuboid": null,
            "local_to_world_matrix": [
                [
                    0.7725114226341248,
                    0.16881556808948517,
                    -0.6121498942375183,
                    0.0
                ],
                [
                    0.4687906503677368,
                    0.49863481521606445,
                    0.7291083335876465,
                    0.0
                ],
                [
                    0.4283241331577301,
                    -0.8502146005630493,
                    0.30606192350387573,
                    0.0
                ],
                [
                    1.5174201726913452,
                    0.7722402215003967,
                    0.38234302401542664,
                    1.0
                ]
            ],
            "location": [
                -0.7722402215003967,
                0.38234302401542664,
                -1.5174201726913452
            ],
            "location_world": [
                1.5174201726913452,
                0.7722402215003967,
                0.38234302401542664
            ],
            "name": "google_Fresca_Peach_Citrus_Sparkling_Flavored_Soda_12_PK_12",
            "projected_cuboid": [
                [
                    14.857307076454163,
                    162.60811686515808
                ],
                [
                    -0.22906064987182617,
                    131.03951513767242
                ],
                [
                    -47.326505184173584,
                    141.1958634853363
                ],
                [
                    -33.60506892204285,
                    174.23629760742188
                ],
                [
                    -8.667945861816406,
                    33.72383117675781
                ],
                [
                    -25.974363088607788,
                    1.1062324047088623
                ],
                [
                    -84.75366234779358,
                    8.3790123462677
                ],
                [
                    -69.61879134178162,
                    42.71966218948364
                ],
                [
                    -30.029386281967163,
                    93.10939908027649
                ]
            ],
            "provenance": "visii",
            "quaternion_xyzw": [
                -0.3641430139541626,
                0.7626021504402161,
                -0.053346455097198486,
                0.5319701433181763
            ],
            "quaternion_xyzw_world": [
                0.4918878674507141,
                0.32406073808670044,
                -0.09342870116233826,
                0.8026844263076782
            ],
            "segmentation_id": 13,
            "visibility": 1
        },
