{
    "camera_data": {
        "camera_look_at": {
            "at": [
                1.0,
                0.0,
                0.0
            ],
            "eye": [
                0.0,
                0.0,
                0.0
            ],
            "up": [
                0.0,
                0.0,
                1.0
            ]
        },
        "camera_view_matrix": [
            [
                0.0,
                0.0,
                -1.0,
                0.0
            ],
            [
                -1.0,
                0.0,
                0.0,
                0.0
            ],
            [
                0.0,
                1.0,
                0.0,
                0.0
            ],
            [
                0.0,
                0.0,
                0.0,
                1.0
            ]
        ],
        "height": 500,
        "intrinsics": {
            "cx": 250.0,
            "cy": 250.0,
            "fx": 603.5535278320312,
            "fy": 603.5535278320312
        },
        "location_world": [
            0.0,
            0.0,
            0.0
        ],
        "quaternion_world_xyzw": [
            0.5,
            -0.5,
            -0.5,
            0.5
        ],
        "width": 500
    },
    "objects": [
        {
            "bounding_box_minx_maxx_miny_maxy": [
                -1,
                -1,
                -1,
                -1
            ],
            "class": "Perricone",
            "local_cuboid": null,
            "local_to_world_matrix": [
                [
                    -0.944189190864563,
                    0.1918507218360901,
                    0.2677689492702484,
                    0.0
                ],
                [
                    0.23866930603981018,
                    0.9587010145187378,
                    0.1546911895275116,
                    0.0
                ],
                [
                    -0.22703275084495544,
                    0.20996597409248352,
                    -0.950984001159668,
                    0.0
                ],
                [
                    1.580392837524414,
                    0.3049238622188568,
                    0.45007115602493286,
                    1.0
                ]
            ],
            "location": [
                -0.3049238622188568,
                0.45007115602493286,
                -1.580392837524414
            ],
            "location_world": [
                1.580392837524414,
                0.3049238622188568,
                0.45007115602493286
            ],
            "name": "google_Perricone_MD_Photo_Plasma_0",
            "projected_cuboid": [
                [
                    127.02447175979614,
                    105.36736249923706
                ],
                [
                    103.37001085281372,
                    102.83324122428894
                ],
                [
                    114.29013311862946,
                    65.94330072402954
                ],
                [
                    137.68598437309265,
                    68.06065142154694
                ],
                [
                    142.37546920776367,
                    125.10505318641663
                ],
                [
                    120.03713846206665,
                    122.53749370574951
                ],
                [
                    130.0487071275711,
                    87.6111090183258
                ],
                [
                    152.15495228767395,
                    89.80591595172882
                ],
                [
                    128.6037564277649,
                    96.09487652778625
                ]
            ],
            "provenance": "visii",
            "quaternion_xyzw": [
                -0.32650625705718994,
                0.5290343165397644,
                -0.5621815919876099,
                -0.5454065799713135
            ],
            "quaternion_xyzw_world": [
                0.10965150594711304,
                0.9815643429756165,
                0.09287653118371964,
                -0.12602375447750092
            ],
            "segmentation_id": 1,
            "visibility": 0
        },
        {
            "bounding_box_minx_maxx_miny_maxy": [
                -1,
                -1,
                -1,
                -1
            ],
            "class": "Glycerin",
            "local_cuboid": null,
            "local_to_world_matrix": [
                [
                    -0.016267061233520508,
                    -0.5893897414207458,
                    0.8076850175857544,
                    0.0
                ],
                [
                    0.8983765244483948,
                    0.34599125385284424,
                    0.27057284116744995,
                    0.0
                ],
                [
                    -0.43892478942871094,
                    0.7300066351890564,
                    0.5238656997680664,
                    0.0
                ],
                [
                    0.34273990988731384,
                    0.2816145122051239,
                    0.26789069175720215,
                    1.0
                ]
            ],
            "location": [
                -0.2816145122051239,
                0.26789069175720215,
                -0.34273990988731384
            ],
            "location_world": [
                0.34273990988731384,
                0.2816145122051239,
                0.26789069175720215
            ],
            "name": "google_Glycerin_11_Color_BrllntBluSkydvrSlvrBlckWht_Size_80_1",
            "projected_cuboid": [
                [
                    -968.5255289077759,
                    -1190.6574964523315
                ],
                [
                    -323.7563967704773,
                    -367.51216650009155
                ],
                [
                    -127.08702683448792,
                    -200.72564482688904
                ],
                [
                    -320.6731677055359,
                    -560.683012008667
                ],
                [
                    -1242.2778606414795,
                    -774.2778062820435
                ],
                [
                    -422.32292890548706,
                    -225.9412705898285
                ],
                [
                    -214.21277523040771,
                    -77.40843296051025
                ],
                [
                    -521.4827656745911,
                    -270.4812288284302
                ],
                [
                    -389.06484842300415,
                    -335.46310663223267
                ]
            ],
            "provenance": "visii",
            "quaternion_xyzw": [
                -0.4690127968788147,
                -0.24609869718551636,
                0.3804478049278259,
                0.7581040859222412
            ],
            "quaternion_xyzw_world": [
                -0.16872760653495789,
                -0.4578188955783844,
                -0.5463839173316956,
                0.6807330250740051
            ],
            "segmentation_id": 2,
            "visibility": 0
        },
        {
            "bounding_box_minx_maxx_miny_maxy": [
                0,
                219,
                1,
                133
            ],
            "class": "Jansport",
            "local_cuboid": null,
            "local_to_world_matrix": [
                [
                    0.8337178826332092,
                    -0.14641672372817993,
                    -0.5324252843856812,
                    0.0
                ],
                [
                    -0.04671788215637207,
                    -0.9794515371322632,
                    0.1961938589811325,
                    0.0
                ],
                [
                    -0.5502108335494995,
                    -0.13869653642177582,
                    -0.8234264850616455,
                    0.0
                ],
                [
                    1.0639921426773071,
                    0.2602939009666443,
                    0.5847719311714172,
                    1.0
                ]
            ],
            "location": [
                -0.2602939009666443,
                0.5847719311714172,
                -1.0639921426773071
            ],
            "location_world": [
                1.0639921426773071,
                0.2602939009666443,
                0.5847719311714172
            ],
            "name": "google_Jansport_School_Backpack_Blue_Streak_2",
            "projected_cuboid": [
                [
                    36.615461111068726,
                    198.17188382148743
                ],
                [
                    257.36337900161743,
                    152.27577090263367
                ],
                [
                    225.55957734584808,
                    -8.338391780853271
                ],
                [
                    48.65525662899017,
                    30.784592032432556
                ],
                [
                    -101.1093258857727,
                    9.611338376998901
                ],
                [
                    213.74215185642242,
                    -61.40860915184021
                ],
                [
                    183.11747908592224,
                    -217.8148329257965
                ],
                [
                    -49.50094223022461,
                    -162.32556104660034
                ],
                [
                    107.05088078975677,
                    -1.826554536819458
                ]
            ],
            "provenance": "visii",
            "quaternion_xyzw": [
                0.3162325322628021,
                0.35340002179145813,
                -0.5494543313980103,
                0.6878992319107056
            ],
            "quaternion_xyzw_world": [
                0.953493058681488,
                -0.050638701766729355,
                -0.2838605046272278,
                0.08780619502067566
            ],
            "segmentation_id": 3,
            "visibility": 1
        },
        {
            "bounding_box_minx_maxx_miny_maxy": [
                256,
                287,
                112,
                153
            ],
            "class": "Mario",
            "local_cuboid": null,
            "local_to_world_matrix": [
                [
                    -0.8536614179611206,
                    0.48618683218955994,
                    -0.18677623569965363,
                    0.0
                ],
                [
                    -0.07515653967857361,
                    0.23986852169036865,
                    0.9678919315338135,
                    0.0
                ],
                [
                    0.5153779983520508,
                    0.8402891159057617,
                    -0.1682267189025879,
                    0.0
                ],
                [
                    1.8435235023498535,
                    -0.07576366513967514,
                    0.36377865076065063,
                    1.0
                ]
            ],
            "location": [
                0.07576366513967514,
                0.36377865076065063,
                -1.8435235023498535
            ],
            "location_world": [
                1.8435235023498535,
                -0.07576366513967514,
                0.36377865076065063
            ],
            "name": "google_Mario_Luigi_Dream_Team_Nintendo_3DS_Game_3",
            "projected_cuboid": [
                [
                    264.6864354610443,
                    153.4309685230255
                ],
                [
                    254.63470816612244,
                    112.05194890499115
                ],
                [
                    259.29611921310425,
                    110.47273874282837
                ],
                [
                    269.37049627304077,
                    152.05411612987518
                ],
                [
                    284.84857082366943,
                    151.25672519207
                ],
                [
                    275.51525831222534,
                    112.4148964881897
                ],
                [
                    279.98074889183044,
                    110.93492805957794
                ],
                [
                    289.3331050872803,
                    149.95503425598145
                ],
                [
                    272.5396454334259,
                    131.61054253578186
                ]
            ],
            "provenance": "visii",
            "quaternion_xyzw": [
                -0.1237935721874237,
                0.8616055846214294,
                -0.02700480818748474,
                -0.4915097653865814
            ],
            "quaternion_xyzw_world": [
                0.13665354251861572,
                0.7519568800926208,
                0.6011584997177124,
                0.23344232141971588
            ],
            "segmentation_id": 4,
            "visibility": 1
        },
        {
            "bounding_box_minx_maxx_miny_maxy": [
                246,
                499,
                304,
                500
            ],
            "class": "INTERNATIONAL",
            "local_cuboid": null,
            "local_to_world_matrix": [
                [
                    -0.31289494037628174,
                    0.8276904225349426,
                    -0.4658597707748413,
                    0.0
                ],
                [
                    -0.49753743410110474,
                    0.2749693989753723,
                    0.8227078914642334,
                    0.0
                ],
                [
                    0.809044599533081,
                    0.4892038106918335,
                    0.32577043771743774,
                    0.0
                ],
                [
                    0.23328961431980133,
                    -0.20435544848442078,
                    -0.17305947840213776,
                    1.0
                ]
            ],
            "location": [
                0.20435544848442078,
                -0.17305947840213776,
                -0.23328961431980133
            ],
            "location_world": [
                0.23328961431980133,
                -0.20435544848442078,
                -0.17305947840213776
            ],
            "name": "google_INTERNATIONAL_PAPER_Willamette_4_Brown_Bag_500Count_4",
            "projected_cuboid": [
                [
                    348.8829731941223,
                    733.9906692504883
                ],
                [
                    223.53604435920715,
                    459.43939685821533
                ],
                [
                    525.4103541374207,
                    862.9661202430725
                ],
                [
                    554.6368360519409,
                    1056.4922094345093
                ],
                [
                    628.6545395851135,
                    475.7153391838074
                ],
                [
                    646.4641094207764,
                    170.70287466049194
                ],
                [
                    1053.8887977600098,
                    258.31323862075806
                ],
                [
                    876.3678669929504,
                    631.865382194519
                ],
                [
                    606.0579419136047,
                    560.4710578918457
                ]
            ],
            "provenance": "visii",
            "quaternion_xyzw": [
                -0.1991521418094635,
                0.9299789071083069,
                0.2213243842124939,
                -0.21562287211418152
            ],
            "quaternion_xyzw_world": [
                0.14693976938724518,
                0.561714768409729,
                0.583886981010437,
                0.567416250705719
            ],
            "segmentation_id": 5,
            "visibility": 1
        },
        {
            "bounding_box_minx_maxx_miny_maxy": [
                31,
                197,
                335,
                455
            ],
            "class": "LEGO",
            "local_cuboid": null,
            "local_to_world_matrix": [
                [
                    -0.19273078441619873,
                    0.827746570110321,
                    0.526963472366333,
                    0.0
                ],
                [
                    -0.6602815985679626,
                    -0.5066617727279663,
                    0.5543665289878845,
                    0.0
                ],
                [
                    0.7258671522140503,
                    -0.24110078811645508,
                    0.6441950798034668,
                    0.0
                ],
                [
                    1.325829267501831,
                    0.267244428396225,
                    -0.32835546135902405,
                    1.0
                ]
            ],
            "location": [
                -0.267244428396225,
                -0.32835546135902405,
                -1.325829267501831
            ],
            "location_world": [
                1.325829267501831,
                0.267244428396225,
                -0.32835546135902405
            ],
            "name": "google_LEGO_5887_Dino_Defense_HQ_5",
            "projected_cuboid": [
                [
                    64.04781341552734,
                    303.53620648384094
                ],
                [
                    110.6046736240387,
                    227.41355001926422
                ],
                [
                    55.67753314971924,
                    310.3301525115967
                ],
                [
                    11.792212724685669,
                    383.20988416671753
                ],
                [
                    207.8581154346466,
                    386.18987798690796
                ],
                [
                    274.3317782878876,
                    327.6808559894562
                ],
                [
                    247.82803654670715,
                    419.9667274951935
                ],
                [
                    176.96426808834076,
                    471.73893451690674
                ],
                [
                    145.25270462036133,
                    354.98201847076416
                ]
            ],
            "provenance": "visii",
            "quaternion_xyzw": [
                0.29315271973609924,
                0.8814732432365417,
                0.3699706196784973,
                0.013718515634536743
            ],
            "quaternion_xyzw_world": [
                0.4091869592666626,
                0.10231570899486542,
                0.7654390335083008,
                0.4860047996044159
            ],
            "segmentation_id": 6,
            "visibility": 1
        },
        {
            "bounding_box_minx_maxx_miny_maxy": [
                -1,
                -1,
                -1,
                -1
            ],
            "class": "Mens",
            "local_cuboid": null,
            "local_to_world_matrix": [
                [
                    0.0978924036026001,
                    -0.9928196668624878,
                    0.0687476396560669,
                    0.0
                ],
                [
                    0.3457253873348236,
                    0.09870302677154541,
                    0.933130145072937,
                    0.0
                ],
                [
                    -0.9332154989242554,
                    -0.06757858395576477,
                    0.35290515422821045,
                    0.0
                ],
                [
                    0.20899997651576996,
                    0.4654539227485657,
                    0.34490349888801575,
                    1.0
                ]
            ],
            "location": [
                -0.4654539227485657,
                0.34490349888801575,
                -0.20899997651576996
            ],
            "location_world": [
                0.20899997651576996,
                0.4654539227485657,
                0.34490349888801575
            ],
            "name": "google_Mens_ASV_Shock_Light_Bungee_in_Light_Grey_xGCOvtLDnQJ_6",
            "projected_cuboid": [
                [
                    -4054.077625274658,
                    -2576.12943649292
                ],
                [
                    -1389.4875049591064,
                    -1804.1105270385742
                ],
                [
                    -724.8787879943848,
                    -853.5603284835815
                ],
                [
                    -1209.126353263855,
                    -536.5109443664551
                ],
                [
                    -6533.848762512207,
                    -3147.535562515259
                ],
                [
                    -1957.805871963501,
                    -1923.4941005706787
                ],
                [
                    -1019.1305875778198,
                    -881.7451000213623
                ],
                [
                    -1726.0513305664062,
                    -561.2410306930542
                ],
                [
                    -1557.8198432922363,
                    -1182.4904680252075
                ]
            ],
            "provenance": "visii",
            "quaternion_xyzw": [
                -0.17781604826450348,
                0.04211583733558655,
                0.04261969029903412,
                0.9822379350662231
            ],
            "quaternion_xyzw_world": [
                0.40195900201797485,
                -0.4024628698825836,
                -0.537659227848053,
                0.6223947405815125
            ],
            "segmentation_id": 7,
            "visibility": 0
        },
        {
            "bounding_box_minx_maxx_miny_maxy": [
                -1,
                -1,
                -1,
                -1
            ],
            "class": "Twinlab",
            "local_cuboid": null,
            "local_to_world_matrix": [
                [
                    -0.3131723403930664,
                    -0.27536672353744507,
                    -0.9088984727859497,
                    0.0
                ],
                [
                    0.05218501389026642,
                    -0.9605848789215088,
                    0.27304500341415405,
                    0.0
                ],
                [
                    -0.9482616186141968,
                    0.03807924687862396,
                    0.31519848108291626,
                    0.0
                ],
                [
                    0.47152742743492126,
                    -0.15000306069850922,
                    -0.5080292224884033,
                    1.0
                ]
            ],
            "location": [
                0.15000306069850922,
                -0.5080292224884033,
                -0.47152742743492126
            ],
            "location_world": [
                0.47152742743492126,
                -0.15000306069850922,
                -0.5080292224884033
            ],
            "name": "google_Twinlab_100_Whey_Protein_Fuel_Chocolate_7",
            "projected_cuboid": [
                [
                    514.7809982299805,
                    1838.8952016830444
                ],
                [
                    946.351170539856,
                    1649.9974727630615
                ],
                [
                    580.7598233222961,
                    997.6048469543457
                ],
                [
                    381.5203905105591,
                    1069.79501247406
                ],
                [
                    355.24773597717285,
                    1168.9449548721313
                ],
                [
                    708.1578969955444,
                    1038.201093673706
                ],
                [
                    495.49221992492676,
                    750.225841999054
                ],
                [
                    314.8840665817261,
                    811.0392093658447
                ],
                [
                    500.9496212005615,
                    1058.2432746887207
                ]
            ],
            "provenance": "visii",
            "quaternion_xyzw": [
                0.11625425517559052,
                0.11114946007728577,
                0.5915762186050415,
                -0.7900432348251343
            ],
            "quaternion_xyzw_world": [
                -0.5771079063415527,
                0.09668109565973282,
                0.8045116066932678,
                -0.10178589075803757
            ],
            "segmentation_id": 8,
            "visibility": 0
        },
        {
            "bounding_box_minx_maxx_miny_maxy": [
                -1,
                -1,
                -1,
                -1
            ],
            "class": "Timberland",
            "local_cuboid": null,
            "local_to_world_matrix": [
                [
                    0.4657650589942932,
                    0.07945583760738373,
                    0.8813340663909912,
                    0.0
                ],
                [
                    -0.4905397891998291,
                    0.8521117568016052,
                    0.1824178248643875,
                    0.0
                ],
                [
                    -0.7365009784698486,
                    -0.5172932744026184,
                    0.4358600974082947,
                    0.0
                ],
                [
                    0.25565987825393677,
                    -0.38281628489494324,
                    -0.1925608366727829,
                    1.0
                ]
            ],
            "location": [
                0.38281628489494324,
                -0.1925608366727829,
                -0.25565987825393677
            ],
            "location_world": [
                0.25565987825393677,
                -0.38281628489494324,
                -0.1925608366727829
            ],
            "name": "google_Timberland_Mens_Earthkeepers_Stormbuck_Chukka_8",
            "projected_cuboid": [
                [
                    1512.5552415847778,
                    517.0109868049622
                ],
                [
                    1777.883529663086,
                    569.755494594574
                ],
                [
                    972.8757739067078,
                    585.1918458938599
                ],
                [
                    1110.0339889526367,
                    538.5327339172363
                ],
                [
                    1839.991569519043,
                    854.8914790153503
                ],
                [
                    3023.655891418457,
                    1686.4110231399536
                ],
                [
                    1254.7298669815063,
                    1089.371681213379
                ],
                [
                    1276.3187885284424,
                    785.5600118637085
                ],
                [
                    1419.296145439148,
                    724.0422964096069
                ]
            ],
            "provenance": "visii",
            "quaternion_xyzw": [
                0.020158156752586365,
                0.3624129891395569,
                0.6390498876571655,
                0.678134024143219
            ],
            "quaternion_xyzw_world": [
                0.21082763373851776,
                -0.4874645173549652,
                0.1717434972524643,
                0.8297193646430969
            ],
            "segmentation_id": 9,
            "visibility": 0
        },
        {
            "bounding_box_minx_maxx_miny_maxy": [
                -1,
                -1,
                -1,
                -1
            ],
            "class": "Nescafe",
            "local_cuboid": null,
            "local_to_world_matrix": [
                [
                    0.21833837032318115,
                    -0.2546881437301636,
                    -0.9420521855354309,
                    0.0
                ],
                [
                    -0.7099331617355347,
                    -0.703798770904541,
                    0.025734782218933105,
                    0.0
                ],
                [
                    -0.6695694327354431,
                    0.6631752252578735,
                    -0.33447790145874023,
                    0.0
                ],
                [
                    1.596533179283142,
                    0.30902332067489624,
                    0.7337186932563782,
                    1.0
                ]
            ],
            "location": [
                -0.30902332067489624,
                0.7337186932563782,
                -1.596533179283142
            ],
            "location_world": [
                1.596533179283142,
                0.30902332067489624,
                0.7337186932563782
            ],
            "name": "google_Nescafe_Tasters_Choice_Instant_Coffee_Decaf_House_Blend_Light_7_oz_9",
            "projected_cuboid": [
                [
                    71.11185789108276,
                    0.36363303661346436
                ],
                [
                    87.3321145772934,
                    -10.135889053344727
                ],
                [
                    147.2204625606537,
                    -13.39346170425415
                ],
                [
                    130.17354905605316,
                    -3.5802721977233887
                ],
                [
                    58.579787611961365,
                    -40.14211893081665
                ],
                [
                    74.54751431941986,
                    -52.38604545593262
                ],
                [
                    136.26927137374878,
                    -52.315324544906616
                ],
                [
                    119.38069760799408,
                    -41.01714491844177
                ],
                [
                    104.18902337551117,
                    -26.3788104057312
                ]
            ],
            "provenance": "visii",
            "quaternion_xyzw": [
                0.37395986914634705,
                -0.15927746891975403,
                -0.5893102884292603,
                0.698210597038269
            ],
            "quaternion_xyzw_world": [
                0.7511016726493835,
                -0.32106882333755493,
                -0.5364192724227905,
                -0.21216848492622375
            ],
            "segmentation_id": 10,
            "visibility": 0
        },
        {
            "bounding_box_minx_maxx_miny_maxy": [
                -1,
                -1,
                -1,
                -1
            ],
            "class": "Remington",
            "local_cuboid": null,
            "local_to_world_matrix": [
                [
                    -0.8249881267547607,
                    0.4980947971343994,
                    0.26701390743255615,
                    0.0
                ],
                [
                    0.19282758235931396,
                    -0.196028470993042,
                    0.9614522457122803,
                    0.0
                ],
                [
                    0.5312366485595703,
                    0.8446742296218872,
                    0.0656745433807373,
                    0.0
                ],
                [
                    1.8156929016113281,
                    -0.7648822069168091,
                    -0.33592283725738525,
                    1.0
                ]
            ],
            "location": [
                0.7648822069168091,
                -0.33592283725738525,
                -1.8156929016113281
            ],
            "location_world": [
                1.8156929016113281,
                -0.7648822069168091,
                -0.33592283725738525
            ],
            "name": "google_Remington_TStudio_Silk_Ceramic_Hair_Straightener_2_Inch_Floating_Plates_10",
            "projected_cuboid": [
                [
                    470.0544774532318,
                    410.0804328918457
                ],
                [
                    483.4992289543152,
                    301.7949163913727
                ],
                [
                    506.9286823272705,
                    304.2771518230438
                ],
                [
                    494.0561056137085,
                    414.85536098480225
                ],
                [
                    477.9978394508362,
                    412.02104091644287
                ],
                [
                    490.46969413757324,
                    309.43888425827026
                ],
                [
                    512.7578377723694,
                    311.9284510612488
                ],
                [
                    500.8058547973633,
                    416.5654182434082
                ],
                [
                    492.1647012233734,
                    359.2609763145447
                ]
            ],
            "provenance": "visii",
            "quaternion_xyzw": [
                0.13387459516525269,
                0.8646941184997559,
                -0.03676241636276245,
                -0.48273205757141113
            ],
            "quaternion_xyzw_world": [
                0.27629953622817993,
                0.6251569986343384,
                0.7222691774368286,
                0.10566254705190659
            ],
            "segmentation_id": 11,
            "visibility": 0
        },
        {
            "bounding_box_minx_maxx_miny_maxy": [
                -1,
                -1,
                -1,
                -1
            ],
            "class": "Predito",
            "local_cuboid": null,
            "local_to_world_matrix": [
                [
                    0.09474587440490723,
                    -0.897200345993042,
                    0.43134060502052307,
                    0.0
                ],
                [
                    -0.8106092214584351,
                    0.1819865107536316,
                    0.5565909147262573,
                    0.0
                ],
                [
                    -0.5778717994689941,
                    -0.40238338708877563,
                    -0.7100365161895752,
                    0.0
                ],
                [
                    0.5192615985870361,
                    -0.2802869975566864,
                    0.5229857563972473,
                    1.0
                ]
            ],
            "location": [
                0.2802869975566864,
                0.5229857563972473,
                -0.5192615985870361
            ],
            "location_world": [
                0.5192615985870361,
                -0.2802869975566864,
                0.5229857563972473
            ],
            "name": "google_Predito_LZ_TRX_FG_W_11",
            "projected_cuboid": [
                [
                    667.4189567565918,
                    -167.16763377189636
                ],
                [
                    836.5437984466553,
                    -666.0441160202026
                ],
                [
                    679.6276569366455,
                    -638.8549208641052
                ],
                [
                    580.7510614395142,
                    -200.73291659355164
                ],
                [
                    585.0548148155212,
                    -130.93560934066772
                ],
                [
                    707.7743411064148,
                    -620.0556755065918
                ],
                [
                    568.0384635925293,
                    -599.6112823486328
                ],
                [
                    505.8211088180542,
                    -168.7687635421753
                ],
                [
                    625.6461143493652,
                    -348.93798828125
                ]
            ],
            "provenance": "visii",
            "quaternion_xyzw": [
                -0.4366742670536041,
                -0.14275747537612915,
                -0.17612528800964355,
                -0.8705835342407227
            ],
            "quaternion_xyzw_world": [
                -0.6369450092315674,
                0.6703128218650818,
                0.0575132742524147,
                -0.3763960301876068
            ],
            "segmentation_id": 12,
            "visibility": 0
        },
        {
            "bounding_box_minx_maxx_miny_maxy": [
                0,
                185,
                44,
                134
            ],
            "class": "Fresca",
            "local_cuboid": null,
            "local_to_world_matrix": [
                [
                    -0.6319934129714966,
                    0.7446666955947876,
                    0.21460789442062378,
                    0.0
                ],
                [
                    -0.7704492807388306,
                    -0.573850154876709,
                    -0.27767735719680786,
                    0.0
                ],
                [
                    -0.08362433314323425,
                    -0.3408346176147461,
                    0.9363967180252075,
                    0.0
                ],
                [
                    1.2912211418151855,
                    0.3412497043609619,
                    0.31758052110671997,
                    1.0
                ]
            ],
            "location": [
                -0.3412497043609619,
                0.31758052110671997,
                -1.2912211418151855
            ],
            "location_world": [
                1.2912211418151855,
                0.3412497043609619,
                0.31758052110671997
            ],
            "name": "google_Fresca_Peach_Citrus_Sparkling_Flavored_Soda_12_PK_12",
            "projected_cuboid": [
                [
                    4.896000027656555,
                    -1.571744680404663
                ],
                [
                    24.911075830459595,
                    -4.90492582321167
                ],
                [
                    3.0507445335388184,
                    63.69565427303314
                ],
                [
                    -14.853864908218384,
                    60.93631684780121
                ],
                [
                    173.39414358139038,
                    78.86986434459686
                ],
                [
                    202.96210050582886,
                    82.5483500957489
                ],
                [
                    183.81306529045105,
                    137.5122368335724
                ],
                [
                    155.85896372795105,
                    129.85284626483917
                ],
                [
                    99.96083378791809,
                    72.32841849327087
                ]
            ],
            "provenance": "visii",
            "quaternion_xyzw": [
                0.33518150448799133,
                0.5880827307701111,
                0.7255977988243103,
                -0.12377449870109558
            ],
            "quaternion_xyzw_world": [
                0.036945972591638565,
                -0.1744610220193863,
                0.8863182663917542,
                0.42736226320266724
            ],
            "segmentation_id": 13,
            "visibility": 1
        },
