{
    "camera_data": {
        "camera_look_at": {
            "at": [
                1.0,
                0.0,
                0.0
            ],
            "eye": [
                0.0,
                0.0,
                0.0
            ],
            "up": [
                0.0,
                0.0,
                1.0
            ]
        },
        "camera_view_matrix": [
            [
                0.0,
                0.0,
                -1.0,
                0.0
            ],
            [
                -1.0,
                0.0,
                0.0,
                0.0
            ],
            [
                0.0,
                1.0,
                0.0,
                0.0
            ],
            [
                0.0,
                0.0,
                0.0,
                1.0
            ]
        ],
        "height": 500,
        "intrinsics": {
            "cx": 250.0,
            "cy": 250.0,
            "fx": 603.5535278320312,
            "fy": 603.5535278320312
        },
        "location_world": [
            0.0,
            0.0,
            0.0
        ],
        "quaternion_world_xyzw": [
            0.5,
            -0.5,
            -0.5,
            0.5
        ],
        "width": 500
    },
    "objects": [
        {
            "bounding_box_minx_maxx_miny_maxy": [
                -1,
                -1,
                -1,
                -1
            ],
            "class": "Perricone",
            "local_cuboid": null,
            "local_to_world_matrix": [
                [
                    -0.8262574672698975,
                    0.29071784019470215,
                    0.48247480392456055,
                    0.0
                ],
                [
                    0.5372433662414551,
                    0.6641732454299927,
                    0.5198495388031006,
                    0.0
                ],
                [
                    -0.1693173199892044,
                    0.688735842704773,
                    -0.704964280128479,
                    0.0
                ],
                [
                    1.74858820438385,
                    0.21935155987739563,
                    0.44238048791885376,
                    1.0
                ]
            ],
            "location": [
                -0.21935155987739563,
                0.44238048791885376,
                -1.74858820438385
            ],
            "location_world": [
                1.74858820438385,
                0.21935155987739563,
                0.44238048791885376
            ],
            "name": "google_Perricone_MD_Photo_Plasma_0",
            "projected_cuboid": [
                [
                    146.96159958839417,
                    113.86223137378693
                ],
                [
                    133.741557598114,
                    104.65553402900696
                ],
                [
                    160.27894616127014,
                    80.2210122346878
                ],
                [
                    173.91082644462585,
                    88.82325887680054
                ],
                [
                    162.65968978405,
                    138.17943632602692
                ],
                [
                    149.77779984474182,
                    128.94655764102936
                ],
                [
                    174.8754382133484,
                    105.45411705970764
                ],
                [
                    188.12379240989685,
                    114.13069069385529
                ],
                [
                    161.48117184638977,
                    109.48866605758667
                ]
            ],
            "provenance": "visii",
            "quaternion_xyzw": [
                -0.07091429829597473,
                0.6405564546585083,
                -0.4848158657550812,
                -0.5912802219390869
            ],
            "quaternion_xyzw_world": [
                0.23158888518810272,
                0.8937833905220032,
                0.33805322647094727,
                -0.18231265246868134
            ],
            "segmentation_id": 1,
            "visibility": 0
        },
        {
            "bounding_box_minx_maxx_miny_maxy": [
                -1,
                -1,
                -1,
                -1
            ],
            "class": "Glycerin",
            "local_cuboid": null,
            "local_to_world_matrix": [
                [
                    0.4277264475822449,
                    -0.4251733124256134,
                    0.7976701855659485,
                    0.0
                ],
                [
                    0.5266501903533936,
                    -0.599989652633667,
                    -0.6022059917449951,
                    0.0
                ],
                [
                    0.7346357703208923,
                    0.6776726245880127,
                    -0.032713890075683594,
                    0.0
                ],
                [
                    0.29974207282066345,
                    0.229631707072258,
                    0.4331221580505371,
                    1.0
                ]
            ],
            "location": [
                -0.229631707072258,
                0.4331221580505371,
                -0.29974207282066345
            ],
            "location_world": [
                0.29974207282066345,
                0.229631707072258,
                0.4331221580505371
            ],
            "name": "google_Glycerin_11_Color_BrllntBluSkydvrSlvrBlckWht_Size_80_1",
            "projected_cuboid": [
                [
                    -428.7410378456116,
                    -744.4965243339539
                ],
                [
                    5.390480160713196,
                    -209.2321217060089
                ],
                [
                    82.2540670633316,
                    -328.9331793785095
                ],
                [
                    -478.47121953964233,
                    -1160.878300666809
                ],
                [
                    -651.8409252166748,
                    -721.6271162033081
                ],
                [
                    -89.86431360244751,
                    -134.07820463180542
                ],
                [
                    -28.73516082763672,
                    -249.90329146385193
                ],
                [
                    -829.7195434570312,
                    -1236.316442489624
                ],
                [
                    -226.02161765098572,
                    -493.8409924507141
                ]
            ],
            "provenance": "visii",
            "quaternion_xyzw": [
                0.8309655785560608,
                0.4204927086830139,
                -0.3325646221637726,
                -0.14860311150550842
            ],
            "quaternion_xyzw_world": [
                0.7177098989486694,
                0.03534744679927826,
                0.5337483882904053,
                -0.44582030177116394
            ],
            "segmentation_id": 2,
            "visibility": 0
        },
        {
            "bounding_box_minx_maxx_miny_maxy": [
                41,
                286,
                1,
                182
            ],
            "class": "Jansport",
            "local_cuboid": null,
            "local_to_world_matrix": [
                [
                    0.260156512260437,
                    0.9653633832931519,
                    0.019803613424301147,
                    0.0
                ],
                [
                    0.7486547231674194,
                    -0.18871819972991943,
                    -0.635532557964325,
                    0.0
                ],
                [
                    -0.6097825765609741,
                    0.18016399443149567,
                    -0.771820068359375,
                    0.0
                ],
                [
                    1.1564594507217407,
                    0.10670775920152664,
                    0.5235834121704102,
                    1.0
                ]
            ],
            "location": [
                -0.10670775920152664,
                0.5235834121704102,
                -1.1564594507217407
            ],
            "location_world": [
                1.1564594507217407,
                0.10670775920152664,
                0.5235834121704102
            ],
            "name": "google_Jansport_School_Backpack_Blue_Streak_2",
            "projected_cuboid": [
                [
                    -54.88163232803345,
                    21.29991352558136
                ],
                [
                    62.36392259597778,
                    211.41181886196136
                ],
                [
                    135.32382249832153,
                    66.80227816104889
                ],
                [
                    66.35446846485138,
                    -112.99052834510803
                ],
                [
                    199.28011298179626,
                    -2.708524465560913
                ],
                [
                    256.239652633667,
                    212.10674941539764
                ],
                [
                    293.09457540512085,
                    56.611403822898865
                ],
                [
                    262.2218430042267,
                    -143.1950330734253
                ],
                [
                    157.3723554611206,
                    42.838722467422485
                ]
            ],
            "provenance": "visii",
            "quaternion_xyzw": [
                0.12286847829818726,
                0.4242783188819885,
                -0.8959183096885681,
                0.047134459018707275
            ],
            "quaternion_xyzw_world": [
                0.7450997829437256,
                0.575096845626831,
                -0.1979529857635498,
                -0.2736870050430298
            ],
            "segmentation_id": 3,
            "visibility": 1
        },
        {
            "bounding_box_minx_maxx_miny_maxy": [
                265,
                275,
                92,
                101
            ],
            "class": "Mario",
            "local_cuboid": null,
            "local_to_world_matrix": [
                [
                    -0.9354070425033569,
                    -0.3509935140609741,
                    -0.04262843355536461,
                    0.0
                ],
                [
                    0.3348313570022583,
                    -0.9180949926376343,
                    0.21210715174674988,
                    0.0
                ],
                [
                    -0.11358518898487091,
                    0.18413320183753967,
                    0.9763162136077881,
                    0.0
                ],
                [
                    1.8153380155563354,
                    0.004016641061753035,
                    0.44314974546432495,
                    1.0
                ]
            ],
            "location": [
                -0.004016641061753035,
                0.44314974546432495,
                -1.8153380155563354
            ],
            "location_world": [
                1.8153380155563354,
                0.004016641061753035,
                0.44314974546432495
            ],
            "name": "google_Mario_Luigi_Dream_Team_Nintendo_3DS_Game_3",
            "projected_cuboid": [
                [
                    235.90689897537231,
                    95.36248445510864
                ],
                [
                    275.410920381546,
                    89.97306227684021
                ],
                [
                    276.4057517051697,
                    95.55545449256897
                ],
                [
                    236.9680404663086,
                    101.07429325580597
                ],
                [
                    221.199169754982,
                    104.16670143604279
                ],
                [
                    258.3523690700531,
                    98.94800186157227
                ],
                [
                    259.2965066432953,
                    104.14396226406097
                ],
                [
                    222.20154106616974,
                    109.47461426258087
                ],
                [
                    248.1570839881897,
                    99.96175765991211
                ]
            ],
            "provenance": "visii",
            "quaternion_xyzw": [
                0.5062857866287231,
                0.4322986304759979,
                0.37097322940826416,
                -0.6474345326423645
            ],
            "quaternion_xyzw_world": [
                -0.0399116650223732,
                0.10123708099126816,
                0.9784960746765137,
                -0.17522422969341278
            ],
            "segmentation_id": 4,
            "visibility": 1
        },
        {
            "bounding_box_minx_maxx_miny_maxy": [
                -1,
                -1,
                -1,
                -1
            ],
            "class": "INTERNATIONAL",
            "local_cuboid": null,
            "local_to_world_matrix": [
                [
                    0.04366487264633179,
                    0.7214417457580566,
                    -0.6910970211029053,
                    0.0
                ],
                [
                    -0.07342740893363953,
                    0.6922034025192261,
                    0.7179573774337769,
                    0.0
                ],
                [
                    0.9963442087173462,
                    0.01939597725868225,
                    0.08319860696792603,
                    0.0
                ],
                [
                    0.14467506110668182,
                    -0.12674929201602936,
                    -0.27328649163246155,
                    1.0
                ]
            ],
            "location": [
                0.12674929201602936,
                -0.27328649163246155,
                -0.14467506110668182
            ],
            "location_world": [
                0.14467506110668182,
                -0.12674929201602936,
                -0.27328649163246155
            ],
            "name": "google_INTERNATIONAL_PAPER_Willamette_4_Brown_Bag_500Count_4",
            "projected_cuboid": [
                [
                    483.6543798446655,
                    1149.9754190444946
                ],
                [
                    115.50211906433105,
                    812.4996423721313
                ],
                [
                    -5.757063627243042,
                    1417.9624319076538
                ],
                [
                    697.4093317985535,
                    1977.7833223342896
                ],
                [
                    902.6564359664917,
                    794.7354912757874
                ],
                [
                    547.8397607803345,
                    417.4048900604248
                ],
                [
                    881.6037178039551,
                    652.2164344787598
                ],
                [
                    1527.4802446365356,
                    1354.414701461792
                ],
                [
                    603.6705374717712,
                    999.8579025268555
                ]
            ],
            "provenance": "visii",
            "quaternion_xyzw": [
                -0.37314373254776,
                0.9267879128456116,
                0.04224967956542969,
                0.006546497344970703
            ],
            "quaternion_xyzw_world": [
                0.2589704990386963,
                0.6255677342414856,
                0.2946736812591553,
                0.674363911151886
            ],
            "segmentation_id": 5,
            "visibility": 0
        },
        {
            "bounding_box_minx_maxx_miny_maxy": [
                152,
                306,
                362,
                500
            ],
            "class": "LEGO",
            "local_cuboid": null,
            "local_to_world_matrix": [
                [
                    -0.7722835540771484,
                    0.6346279382705688,
                    0.028731048107147217,
                    0.0
                ],
                [
                    -0.12183523178100586,
                    -0.10357260704040527,
                    -0.9871317148208618,
                    0.0
                ],
                [
                    -0.6234855651855469,
                    -0.7658460140228271,
                    0.15730738639831543,
                    0.0
                ],
                [
                    1.5312057733535767,
                    0.1387876570224762,
                    -0.4887779653072357,
                    1.0
                ]
            ],
            "location": [
                -0.1387876570224762,
                -0.4887779653072357,
                -1.5312057733535767
            ],
            "location_world": [
                1.5312057733535767,
                0.1387876570224762,
                -0.4887779653072357
            ],
            "name": "google_LEGO_5887_Dino_Defense_HQ_5",
            "projected_cuboid": [
                [
                    197.59292900562286,
                    377.45726108551025
                ],
                [
                    214.26445245742798,
                    559.0397119522095
                ],
                [
                    127.85828113555908,
                    539.8438572883606
                ],
                [
                    115.82501232624054,
                    380.4031312465668
                ],
                [
                    320.18232345581055,
                    353.98393869400024
                ],
                [
                    336.4400863647461,
                    493.1882321834564
                ],
                [
                    256.1047673225403,
                    484.3657612800598
                ],
                [
                    243.358314037323,
                    358.5556745529175
                ],
                [
                    231.59873485565186,
                    439.5901560783386
                ]
            ],
            "provenance": "visii",
            "quaternion_xyzw": [
                0.4269128143787384,
                0.07747694849967957,
                0.9007282257080078,
                -0.020772486925125122
            ],
            "quaternion_xyzw_world": [
                -0.20855547487735748,
                -0.6146957874298096,
                0.7129452228546143,
                0.26525992155075073
            ],
            "segmentation_id": 6,
            "visibility": 1
        },
        {
            "bounding_box_minx_maxx_miny_maxy": [
                -1,
                -1,
                -1,
                -1
            ],
            "class": "Mens",
            "local_cuboid": null,
            "local_to_world_matrix": [
                [
                    0.4839777946472168,
                    0.8545753955841064,
                    -0.188325434923172,
                    0.0
                ],
                [
                    -0.2689569890499115,
                    0.3500578999519348,
                    0.8972858190536499,
                    0.0
                ],
                [
                    0.8327231407165527,
                    -0.38361501693725586,
                    0.39926421642303467,
                    0.0
                ],
                [
                    0.15974126756191254,
                    0.44099539518356323,
                    0.3855556845664978,
                    1.0
                ]
            ],
            "location": [
                -0.44099539518356323,
                0.3855556845664978,
                -0.15974126756191254
            ],
            "location_world": [
                0.15974126756191254,
                0.44099539518356323,
                0.3855556845664978
            ],
            "name": "google_Mens_ASV_Shock_Light_Bungee_in_Light_Grey_xGCOvtLDnQJ_6",
            "projected_cuboid": [
                [
                    -482.69712924957275,
                    -299.59702491760254
                ],
                [
                    -961.3388776779175,
                    -1107.6558828353882
                ],
                [
                    -1955.0857543945312,
                    -1820.4293251037598
                ],
                [
                    -924.7418642044067,
                    -413.40041160583496
                ],
                [
                    -418.7123775482178,
                    -450.3193497657776
                ],
                [
                    -1000.5127191543579,
                    -1536.0487699508667
                ],
                [
                    -2577.862024307251,
                    -3080.488681793213
                ],
                [
                    -957.6141834259033,
                    -684.2273473739624
                ],
                [
                    -959.801197052002,
                    -932.8527450561523
                ]
            ],
            "provenance": "visii",
            "quaternion_xyzw": [
                -0.14218126237392426,
                0.9466499090194702,
                0.17647002637386322,
                0.22912190854549408
            ],
            "quaternion_xyzw_world": [
                0.4285602867603302,
                0.3416196405887604,
                0.37590840458869934,
                0.7472115755081177
            ],
            "segmentation_id": 7,
            "visibility": 0
        },
        {
            "bounding_box_minx_maxx_miny_maxy": [
                -1,
                -1,
                -1,
                -1
            ],
            "class": "Twinlab",
            "local_cuboid": null,
            "local_to_world_matrix": [
                [
                    -0.8234497308731079,
                    -0.02531852386891842,
                    0.5668241381645203,
                    0.0
                ],
                [
                    0.010976145043969154,
                    -0.9995278120040894,
                    -0.028700726106762886,
                    0.0
                ],
                [
                    0.5672830939292908,
                    -0.017412060871720314,
                    0.8233387470245361,
                    0.0
                ],
                [
                    0.3659695088863373,
                    -0.03425624966621399,
                    -0.5455296635627747,
                    1.0
                ]
            ],
            "location": [
                0.03425624966621399,
                -0.5455296635627747,
                -0.3659695088863373
            ],
            "location_world": [
                0.3659695088863373,
                -0.03425624966621399,
                -0.5455296635627747
            ],
            "name": "google_Twinlab_100_Whey_Protein_Fuel_Chocolate_7",
            "projected_cuboid": [
                [
                    199.18575882911682,
                    635.8490586280823
                ],
                [
                    410.37437319755554,
                    640.4263973236084
                ],
                [
                    479.3766736984253,
                    1256.4685344696045
                ],
                [
                    165.26202857494354,
                    1253.1874179840088
                ],
                [
                    206.46850764751434,
                    642.5338983535767
                ],
                [
                    370.09647488594055,
                    646.0609436035156
                ],
                [
                    404.60485219955444,
                    1078.231930732727
                ],
                [
                    185.3005886077881,
                    1075.2310752868652
                ],
                [
                    300.169438123703,
                    853.323757648468
                ]
            ],
            "provenance": "visii",
            "quaternion_xyzw": [
                0.636651873588562,
                0.6150739192962646,
                0.3301889896392822,
                -0.32761818170547485
            ],
            "quaternion_xyzw_world": [
                0.2969593107700348,
                -0.012074362486600876,
                0.9547665119171143,
                -0.009503546170890331
            ],
            "segmentation_id": 8,
            "visibility": 0
        },
        {
            "bounding_box_minx_maxx_miny_maxy": [
                -1,
                -1,
                -1,
                -1
            ],
            "class": "Timberland",
            "local_cuboid": null,
            "local_to_world_matrix": [
                [
                    -0.9310081005096436,
                    0.07719634473323822,
                    0.3567425012588501,
                    0.0
                ],
                [
                    -0.35185128450393677,
                    0.07015246152877808,
                    -0.9334235787391663,
                    0.0
                ],
                [
                    -0.09708328545093536,
                    -0.9945449233055115,
                    -0.03815114498138428,
                    0.0
                ],
                [
                    0.5613544583320618,
                    -0.4500426948070526,
                    -0.14555220305919647,
                    1.0
                ]
            ],
            "location": [
                0.4500426948070526,
                -0.14555220305919647,
                -0.5613544583320618
            ],
            "location_world": [
                0.5613544583320618,
                -0.4500426948070526,
                -0.14555220305919647
            ],
            "name": "google_Timberland_Mens_Earthkeepers_Stormbuck_Chukka_8",
            "projected_cuboid": [
                [
                    875.4990100860596,
                    235.37905514240265
                ],
                [
                    998.4443783760071,
                    621.5085983276367
                ],
                [
                    827.1560668945312,
                    606.4666509628296
                ],
                [
                    739.524245262146,
                    230.9342324733734
                ],
                [
                    783.3574414253235,
                    274.75088834762573
                ],
                [
                    864.6156787872314,
                    594.6356058120728
                ],
                [
                    728.1772494316101,
                    582.9575657844543
                ],
                [
                    670.3391075134277,
                    270.34327387809753
                ],
                [
                    801.2794852256775,
                    410.4864299297333
                ]
            ],
            "provenance": "visii",
            "quaternion_xyzw": [
                -0.6631636619567871,
                -0.10803893208503723,
                -0.7258965969085693,
                -0.14702337980270386
            ],
            "quaternion_xyzw_world": [
                -0.09616468846797943,
                0.7140223383903503,
                -0.6750378608703613,
                -0.15889762341976166
            ],
            "segmentation_id": 9,
            "visibility": 0
        },
        {
            "bounding_box_minx_maxx_miny_maxy": [
                -1,
                -1,
                -1,
                -1
            ],
            "class": "Nescafe",
            "local_cuboid": null,
            "local_to_world_matrix": [
                [
                    0.5931479930877686,
                    0.12410297989845276,
                    0.7954708933830261,
                    0.0
                ],
                [
                    -0.6875008344650269,
                    -0.43607568740844727,
                    0.5806724429130554,
                    0.0
                ],
                [
                    0.4189487099647522,
                    -0.8913115859031677,
                    -0.17333650588989258,
                    0.0
                ],
                [
                    1.6302026510238647,
                    0.11609163880348206,
                    0.67642742395401,
                    1.0
                ]
            ],
            "location": [
                -0.11609163880348206,
                0.67642742395401,
                -1.6302026510238647
            ],
            "location_world": [
                1.6302026510238647,
                0.11609163880348206,
                0.67642742395401
            ],
            "name": "google_Nescafe_Tasters_Choice_Instant_Coffee_Decaf_House_Blend_Light_7_oz_9",
            "projected_cuboid": [
                [
                    258.9179277420044,
                    24.312123656272888
                ],
                [
                    271.40137553215027,
                    0.8759647607803345
                ],
                [
                    211.19126677513123,
                    -22.91122078895569
                ],
                [
                    200.07699728012085,
                    2.3748278617858887
                ],
                [
                    263.46901059150696,
                    43.96200180053711
                ],
                [
                    276.53658390045166,
                    20.358815789222717
                ],
                [
                    214.38317000865936,
                    -3.333479166030884
                ],
                [
                    202.7701586484909,
                    22.18964695930481
                ],
                [
                    237.91612684726715,
                    11.274963617324829
                ]
            ],
            "provenance": "visii",
            "quaternion_xyzw": [
                0.42254388332366943,
                0.7286500930786133,
                0.17640990018844604,
                0.5093183517456055
            ],
            "quaternion_xyzw_world": [
                0.7420512437820435,
                -0.18981097638607025,
                0.40914276242256165,
                0.49591726064682007
            ],
            "segmentation_id": 10,
            "visibility": 0
        },
        {
            "bounding_box_minx_maxx_miny_maxy": [
                472,
                499,
                326,
                364
            ],
            "class": "Remington",
            "local_cuboid": null,
            "local_to_world_matrix": [
                [
                    0.18001830577850342,
                    0.612808108329773,
                    -0.7694540619850159,
                    0.0
                ],
                [
                    -0.9386773109436035,
                    0.340873122215271,
                    0.051868826150894165,
                    0.0
                ],
                [
                    0.29407185316085815,
                    0.712931752204895,
                    0.6365925073623657,
                    0.0
                ],
                [
                    1.8220124244689941,
                    -0.7317750453948975,
                    -0.29436689615249634,
                    1.0
                ]
            ],
            "location": [
                0.7317750453948975,
                -0.29436689615249634,
                -1.8220124244689941
            ],
            "location_world": [
                1.8220124244689941,
                -0.7317750453948975,
                -0.29436689615249634
            ],
            "name": "google_Remington_TStudio_Silk_Ceramic_Hair_Straightener_2_Inch_Floating_Plates_10",
            "projected_cuboid": [
                [
                    459.37520265579224,
                    345.0515568256378
                ],
                [
                    457.62938261032104,
                    356.0428023338318
                ],
                [
                    476.9282341003418,
                    372.3585903644562
                ],
                [
                    475.7445156574249,
                    358.76864194869995
                ],
                [
                    484.92082953453064,
                    317.0149326324463
                ],
                [
                    487.76301741600037,
                    323.09168577194214
                ],
                [
                    507.6746344566345,
                    339.2415940761566
                ],
                [
                    501.7295479774475,
                    330.61081171035767
                ],
                [
                    481.2518358230591,
                    342.4200117588043
                ]
            ],
            "provenance": "visii",
            "quaternion_xyzw": [
                -0.3966720700263977,
                0.6997765302658081,
                0.5627759695053101,
                -0.19038701057434082
            ],
            "quaternion_xyzw_world": [
                -0.22502928972244263,
                0.3620297908782959,
                0.528133749961853,
                0.7344188094139099
            ],
            "segmentation_id": 11,
            "visibility": 1
        },
        {
            "bounding_box_minx_maxx_miny_maxy": [
                -1,
                -1,
                -1,
                -1
            ],
            "class": "Predito",
            "local_cuboid": null,
            "local_to_world_matrix": [
                [
                    -0.36885738372802734,
                    -0.19095474481582642,
                    -0.9096595644950867,
                    0.0
                ],
                [
                    -0.5379653573036194,
                    -0.7542320489883423,
                    0.3764668107032776,
                    0.0
                ],
                [
                    -0.7579825520515442,
                    0.6282278895378113,
                    0.17547696828842163,
                    0.0
                ],
                [
                    0.765910267829895,
                    -0.20776109397411346,
                    -0.4541647136211395,
                    1.0
                ]
            ],
            "location": [
                0.20776109397411346,
                -0.4541647136211395,
                -0.765910267829895
            ],
            "location_world": [
                0.765910267829895,
                -0.20776109397411346,
                -0.4541647136211395
            ],
            "name": "google_Predito_LZ_TRX_FG_W_11",
            "projected_cuboid": [
                [
                    288.8573408126831,
                    681.6993951797485
                ],
                [
                    498.2396066188812,
                    683.9076280593872
                ],
                [
                    529.9411416053772,
                    646.8990445137024
                ],
                [
                    336.95265650749207,
                    651.2632369995117
                ],
                [
                    273.46569299697876,
                    597.5738763809204
                ],
                [
                    468.17463636398315,
                    580.8285474777222
                ],
                [
                    501.98376178741455,
                    557.9220056533813
                ],
                [
                    321.20609283447266,
                    576.7613649368286
                ],
                [
                    393.8458561897278,
                    620.7252144813538
                ]
            ],
            "provenance": "visii",
            "quaternion_xyzw": [
                -0.11885431408882141,
                0.3269287049770355,
                0.5455641746520996,
                -0.7624638080596924
            ],
            "quaternion_xyzw_world": [
                -0.5499767661094666,
                0.33134132623672485,
                0.7580511569976807,
                0.11444168537855148
            ],
            "segmentation_id": 12,
            "visibility": 0
        },
        {
            "bounding_box_minx_maxx_miny_maxy": [
                0,
                59,
                1,
                115
            ],
            "class": "Fresca",
            "local_cuboid": null,
            "local_to_world_matrix": [
                [
                    0.02271747589111328,
                    0.8323788046836853,
                    0.5537413358688354,
                    0.0
                ],
                [
                    0.9843941330909729,
                    0.07805663347244263,
                    -0.15771934390068054,
                    0.0
                ],
                [
                    -0.17450541257858276,
                    0.548682689666748,
                    -0.8176155090332031,
                    0.0
                ],
                [
                    1.366479754447937,
                    0.45765021443367004,
                    0.4888384938240051,
                    1.0
                ]
            ],
            "location": [
                -0.45765021443367004,
                0.4888384938240051,
                -1.366479754447937
            ],
            "location_world": [
                1.366479754447937,
                0.45765021443367004,
                0.4888384938240051
            ],
            "name": "google_Fresca_Peach_Citrus_Sparkling_Flavored_Soda_12_PK_12",
            "projected_cuboid": [
                [
                    -77.10245251655579,
                    10.845869779586792
                ],
                [
                    -50.03988742828369,
                    43.394818902015686
                ],
                [
                    -15.49297571182251,
                    2.190709114074707
                ],
                [
                    -38.44231367111206,
                    -34.1375470161438
                ],
                [
                    81.82786405086517,
                    116.41731858253479
                ],
                [
                    93.56465935707092,
                    138.8818621635437
                ],
                [
                    126.06348097324371,
                    95.90016305446625
                ],
                [
                    117.9836243391037,
                    69.26390528678894
                ],
                [
                    30.12894093990326,
                    55.737704038619995
                ]
            ],
            "provenance": "visii",
            "quaternion_xyzw": [
                0.1941874623298645,
                0.6124038696289062,
                -0.7356295585632324,
                -0.21471336483955383
            ],
            "quaternion_xyzw_world": [
                0.6637538075447083,
                0.6842796802520752,
                0.14283756911754608,
                -0.26606327295303345
            ],
            "segmentation_id": 13,
            "visibility": 1
        },
        {
