{
    "camera_data": {
        "camera_look_at": {
            "at": [
                1.0,
                0.0,
                0.0
            ],
            "eye": [
                0.0,
                0.0,
                0.0
            ],
            "up": [
                0.0,
                0.0,
                1.0
            ]
        },
        "camera_view_matrix": [
            [
                0.0,
                0.0,
                -1.0,
                0.0
            ],
            [
                -1.0,
                0.0,
                0.0,
                0.0
            ],
            [
                0.0,
                1.0,
                0.0,
                0.0
            ],
            [
                0.0,
                0.0,
                0.0,
                1.0
            ]
        ],
        "height": 500,
        "intrinsics": {
            "cx": 250.0,
            "cy": 250.0,
            "fx": 603.5535278320312,
            "fy": 603.5535278320312
        },
        "location_world": [
            0.0,
            0.0,
            0.0
        ],
        "quaternion_world_xyzw": [
            0.5,
            -0.5,
            -0.5,
            0.5
        ],
        "width": 500
    },
    "objects": [
        {
            "bounding_box_minx_maxx_miny_maxy": [
                -1,
                -1,
                -1,
                -1
            ],
            "class": "Perricone",
            "local_cuboid": null,
            "local_to_world_matrix": [
                [
                    0.4051748514175415,
                    -0.8776889443397522,
                    -0.25592076778411865,
                    0.0
                ],
                [
                    -0.7469000220298767,
                    -0.15634822845458984,
                    -0.6462937593460083,
                    0.0
                ],
                [
                    0.5272321105003357,
                    0.4530092477798462,
                    -0.7188942432403564,
                    0.0
                ],
                [
                    1.5480557680130005,
                    0.30115875601768494,
                    0.4313432574272156,
                    1.0
                ]
            ],
            "location": [
                -0.30115875601768494,
                0.4313432574272156,
                -1.5480557680130005
            ],
            "location_world": [
                1.5480557680130005,
                0.30115875601768494,
                0.4313432574272156
            ],
            "name": "google_Perricone_MD_Photo_Plasma_0",
            "projected_cuboid": [
                [
                    137.4015510082245,
                    116.89895391464233
                ],
                [
                    137.81985640525818,
                    128.74308228492737
                ],
                [
                    152.37751603126526,
                    94.92087364196777
                ],
                [
                    151.49980783462524,
                    83.69912207126617
                ],
                [
                    99.4943231344223,
                    103.16911339759827
                ],
                [
                    98.7386405467987,
                    114.90991711616516
                ],
                [
                    112.27193474769592,
                    79.612597823143
                ],
                [
                    112.62956261634827,
                    68.56140494346619
                ],
                [
                    125.4226416349411,
                    99.12502765655518
                ]
            ],
            "provenance": "visii",
            "quaternion_xyzw": [
                0.8733863234519958,
                -0.02850184217095375,
                -0.24564847350120544,
                0.4195721447467804
            ],
            "quaternion_xyzw_world": [
                0.7550525665283203,
                -0.5379059314727783,
                0.08983194082975388,
                -0.36398226022720337
            ],
            "segmentation_id": 1,
            "visibility": 0
        },
        {
            "bounding_box_minx_maxx_miny_maxy": [
                -1,
                -1,
                -1,
                -1
            ],
            "class": "Glycerin",
            "local_cuboid": null,
            "local_to_world_matrix": [
                [
                    -0.31812167167663574,
                    -0.346670001745224,
                    0.8823935985565186,
                    0.0
                ],
                [
                    0.5914576053619385,
                    0.6548336148262024,
                    0.47050055861473083,
                    0.0
                ],
                [
                    -0.740929365158081,
                    0.6715748906135559,
                    -0.0032761096954345703,
                    0.0
                ],
                [
                    0.3560865819454193,
                    0.2916470766067505,
                    0.22919724881649017,
                    1.0
                ]
            ],
            "location": [
                -0.2916470766067505,
                0.22919724881649017,
                -0.3560865819454193
            ],
            "location_world": [
                0.3560865819454193,
                0.2916470766067505,
                0.22919724881649017
            ],
            "name": "google_Glycerin_11_Color_BrllntBluSkydvrSlvrBlckWht_Size_80_1",
            "projected_cuboid": [
                [
                    -833.8626623153687,
                    -616.8534755706787
                ],
                [
                    -604.2018532752991,
                    -403.16492319107056
                ],
                [
                    -273.7619876861572,
                    -249.76733326911926
                ],
                [
                    -168.18031668663025,
                    -264.12469148635864
                ],
                [
                    -745.6923723220825,
                    -91.12265706062317
                ],
                [
                    -583.6637020111084,
                    -159.8990559577942
                ],
                [
                    -284.7325801849365,
                    -71.73219323158264
                ],
                [
                    -200.21754503250122,
                    28.545528650283813
                ],
                [
                    -415.9330725669861,
                    -201.97495818138123
                ]
            ],
            "provenance": "visii",
            "quaternion_xyzw": [
                -0.18387499451637268,
                -0.3093950152397156,
                0.48056185245513916,
                0.7997031211853027
            ],
            "quaternion_xyzw_world": [
                -0.08706439286470413,
                -0.7028924822807312,
                -0.40620559453964233,
                0.5773724317550659
            ],
            "segmentation_id": 2,
            "visibility": 0
        },
        {
            "bounding_box_minx_maxx_miny_maxy": [
                0,
                265,
                1,
                153
            ],
            "class": "Jansport",
            "local_cuboid": null,
            "local_to_world_matrix": [
                [
                    0.8725910186767578,
                    -0.28237417340278625,
                    -0.3985596299171448,
                    0.0
                ],
                [
                    -0.08134105056524277,
                    -0.8885763883590698,
                    0.4514595866203308,
                    0.0
                ],
                [
                    -0.48163115978240967,
                    -0.36152029037475586,
                    -0.7983323335647583,
                    0.0
                ],
                [
                    1.0252273082733154,
                    0.26726973056793213,
                    0.5461307764053345,
                    1.0
                ]
            ],
            "location": [
                -0.26726973056793213,
                0.5461307764053345,
                -1.0252273082733154
            ],
            "location_world": [
                1.0252273082733154,
                0.26726973056793213,
                0.5461307764053345
            ],
            "name": "google_Jansport_School_Backpack_Blue_Streak_2",
            "projected_cuboid": [
                [
                    118.77994239330292,
                    227.91050374507904
                ],
                [
                    320.00821828842163,
                    122.90836870670319
                ],
                [
                    225.78352689743042,
                    -34.41956639289856
                ],
                [
                    62.249019742012024,
                    56.05432391166687
                ],
                [
                    -30.484288930892944,
                    91.79641306400299
                ],
                [
                    260.09270548820496,
                    -69.67887282371521
                ],
                [
                    146.54868841171265,
                    -236.5754246711731
                ],
                [
                    -71.368008852005,
                    -107.75512456893921
                ],
                [
                    131.692573428154,
                    11.92176342010498
                ]
            ],
            "provenance": "visii",
            "quaternion_xyzw": [
                0.29550105333328247,
                0.414564311504364,
                -0.4323764145374298,
                0.7442218661308289
            ],
            "quaternion_xyzw_world": [
                0.9433318376541138,
                -0.09639111161231995,
                -0.23326648771762848,
                0.2154543697834015
            ],
            "segmentation_id": 3,
            "visibility": 1
        },
        {
            "bounding_box_minx_maxx_miny_maxy": [
                243,
                285,
                83,
                127
            ],
            "class": "Mario",
            "local_cuboid": null,
            "local_to_world_matrix": [
                [
                    0.47304558753967285,
                    -0.8809300661087036,
                    0.013785958290100098,
                    0.0
                ],
                [
                    0.16333112120628357,
                    0.07230854034423828,
                    -0.9839178919792175,
                    0.0
                ],
                [
                    0.8657660484313965,
                    0.4676896929740906,
                    0.17808854579925537,
                    0.0
                ],
                [
                    1.8211565017700195,
                    -0.04837389662861824,
                    0.44074058532714844,
                    1.0
                ]
            ],
            "location": [
                0.04837389662861824,
                0.44074058532714844,
                -1.8211565017700195
            ],
            "location_world": [
                1.8211565017700195,
                -0.04837389662861824,
                0.44074058532714844
            ],
            "name": "google_Mario_Luigi_Dream_Team_Nintendo_3DS_Game_3",
            "projected_cuboid": [
                [
                    284.35519337654114,
                    85.54252982139587
                ],
                [
                    281.07303380966187,
                    126.90527737140656
                ],
                [
                    283.77464413642883,
                    126.91327929496765
                ],
                [
                    287.1118485927582,
                    85.23422479629517
                ],
                [
                    244.82110142707825,
                    80.2137702703476
                ],
                [
                    241.86694622039795,
                    123.12044203281403
                ],
                [
                    244.35889720916748,
                    123.09904396533966
                ],
                [
                    247.36513197422028,
                    79.85192537307739
                ],
                [
                    264.67809081077576,
                    104.01934385299683
                ]
            ],
            "provenance": "visii",
            "quaternion_xyzw": [
                -0.9657398462295532,
                0.015149682760238647,
                0.24352708458900452,
                0.08838292956352234
            ],
            "quaternion_xyzw_world": [
                -0.5528671741485596,
                0.3244897723197937,
                -0.3977230191230774,
                0.6563997864723206
            ],
            "segmentation_id": 4,
            "visibility": 1
        },
        {
            "bounding_box_minx_maxx_miny_maxy": [
                420,
                499,
                435,
                500
            ],
            "class": "INTERNATIONAL",
            "local_cuboid": null,
            "local_to_world_matrix": [
                [
                    -0.4845231771469116,
                    0.7973573207855225,
                    -0.3598042130470276,
                    0.0
                ],
                [
                    -0.4771699905395508,
                    0.1038249135017395,
                    0.8726565837860107,
                    0.0
                ],
                [
                    0.7331756949424744,
                    0.5945098400115967,
                    0.330169141292572,
                    0.0
                ],
                [
                    0.2156669646501541,
                    -0.246494859457016,
                    -0.18656376004219055,
                    1.0
                ]
            ],
            "location": [
                0.246494859457016,
                -0.18656376004219055,
                -0.2156669646501541
            ],
            "location_world": [
                0.2156669646501541,
                -0.246494859457016,
                -0.18656376004219055
            ],
            "name": "google_INTERNATIONAL_PAPER_Willamette_4_Brown_Bag_500Count_4",
            "projected_cuboid": [
                [
                    384.36877727508545,
                    826.6356587409973
                ],
                [
                    386.324405670166,
                    488.0164861679077
                ],
                [
                    1108.2797050476074,
                    1076.2317180633545
                ],
                [
                    686.3197088241577,
                    1237.3387813568115
                ],
                [
                    636.9764804840088,
                    525.2166986465454
                ],
                [
                    734.4762086868286,
                    209.2190533876419
                ],
                [
                    1188.6858940124512,
                    316.9630467891693
                ],
                [
                    899.1135954856873,
                    688.835859298706
                ],
                [
                    715.3815627098083,
                    616.8824434280396
                ]
            ],
            "provenance": "visii",
            "quaternion_xyzw": [
                -0.12566021084785461,
                0.9223868250846863,
                0.21881800889968872,
                -0.2924566864967346
            ],
            "quaternion_xyzw_world": [
                0.14272595942020416,
                0.5608428716659546,
                0.6540006399154663,
                0.4872041642665863
            ],
            "segmentation_id": 5,
            "visibility": 1
        },
        {
            "bounding_box_minx_maxx_miny_maxy": [
                106,
                119,
                264,
                271
            ],
            "class": "LEGO",
            "local_cuboid": null,
            "local_to_world_matrix": [
                [
                    -0.0032428503036499023,
                    0.8713819980621338,
                    0.4905945062637329,
                    0.0
                ],
                [
                    -0.23550477623939514,
                    -0.4774634838104248,
                    0.8465023040771484,
                    0.0
                ],
                [
                    0.9718677997589111,
                    -0.11279237270355225,
                    0.2067629098892212,
                    0.0
                ],
                [
                    1.2965176105499268,
                    0.2937702238559723,
                    -0.2661173641681671,
                    1.0
                ]
            ],
            "location": [
                -0.2937702238559723,
                -0.2661173641681671,
                -1.2965176105499268
            ],
            "location_world": [
                1.2965176105499268,
                0.2937702238559723,
                -0.2661173641681671
            ],
            "name": "google_LEGO_5887_Dino_Defense_HQ_5",
            "projected_cuboid": [
                [
                    39.4633412361145,
                    347.24804759025574
                ],
                [
                    94.26134824752808,
                    235.16646027565002
                ],
                [
                    48.61065745353699,
                    258.1290006637573
                ],
                [
                    -13.803064823150635,
                    390.0863528251648
                ],
                [
                    188.5470747947693,
                    430.9852123260498
                ],
                [
                    251.34801864624023,
                    323.5369324684143
                ],
                [
                    237.474262714386,
                    364.3192946910858
                ],
                [
                    163.61024975776672,
                    489.6562099456787
                ],
                [
                    126.85692310333252,
                    354.7825515270233
                ]
            ],
            "provenance": "visii",
            "quaternion_xyzw": [
                0.2519839406013489,
                0.9604364037513733,
                0.11512157320976257,
                0.02851557731628418
            ],
            "quaternion_xyzw_world": [
                0.5629071593284607,
                0.28240767121315,
                0.6495131254196167,
                0.4260447919368744
            ],
            "segmentation_id": 6,
            "visibility": 1
        },
        {
            "bounding_box_minx_maxx_miny_maxy": [
                -1,
                -1,
                -1,
                -1
            ],
            "class": "Mens",
            "local_cuboid": null,
            "local_to_world_matrix": [
                [
                    -0.6023662090301514,
                    -0.5853246450424194,
                    0.5427247285842896,
                    0.0
                ],
                [
                    0.5447452068328857,
                    0.19553124904632568,
                    0.8154877424240112,
                    0.0
                ],
                [
                    -0.5834447145462036,
                    0.7868689298629761,
                    0.20107126235961914,
                    0.0
                ],
                [
                    0.23442929983139038,
                    0.4403626322746277,
                    0.3313470184803009,
                    1.0
                ]
            ],
            "location": [
                -0.4403626322746277,
                0.3313470184803009,
                -0.23442929983139038
            ],
            "location_world": [
                0.23442929983139038,
                0.4403626322746277,
                0.3313470184803009
            ],
            "name": "google_Mens_ASV_Shock_Light_Bungee_in_Light_Grey_xGCOvtLDnQJ_6",
            "projected_cuboid": [
                [
                    -4931.73360824585,
                    -2671.7629432678223
                ],
                [
                    -1260.3882551193237,
                    -1179.4142723083496
                ],
                [
                    -690.6433701515198,
                    -778.0554294586182
                ],
                [
                    -1605.3377389907837,
                    -935.3859424591064
                ],
                [
                    -2451.6313076019287,
                    -801.3690710067749
                ],
                [
                    -1044.1690683364868,
                    -717.6318764686584
                ],
                [
                    -624.2682933807373,
                    -483.4703207015991
                ],
                [
                    -1170.145869255066,
                    -342.31364727020264
                ],
                [
                    -1217.8727388381958,
                    -785.0353717803955
                ]
            ],
            "provenance": "visii",
            "quaternion_xyzw": [
                0.21586579084396362,
                0.4020940363407135,
                -0.2136775553226471,
                -0.8637501001358032
            ],
            "quaternion_xyzw_world": [
                -0.016056353226304054,
                0.6318279504776001,
                0.634016215801239,
                -0.4455997347831726
            ],
            "segmentation_id": 7,
            "visibility": 0
        },
        {
            "bounding_box_minx_maxx_miny_maxy": [
                -1,
                -1,
                -1,
                -1
            ],
            "class": "Twinlab",
            "local_cuboid": null,
            "local_to_world_matrix": [
                [
                    0.044936180114746094,
                    -0.3301425874233246,
                    -0.9428609013557434,
                    0.0
                ],
                [
                    0.2916208803653717,
                    -0.8983705043792725,
                    0.32846274971961975,
                    0.0
                ],
                [
                    -0.9554778933525085,
                    -0.28971776366233826,
                    0.05590713024139404,
                    0.0
                ],
                [
                    0.498254656791687,
                    -0.17618979513645172,
                    -0.4910174310207367,
                    1.0
                ]
            ],
            "location": [
                0.17618979513645172,
                -0.4910174310207367,
                -0.498254656791687
            ],
            "location_world": [
                0.498254656791687,
                -0.17618979513645172,
                -0.4910174310207367
            ],
            "name": "google_Twinlab_100_Whey_Protein_Fuel_Chocolate_7",
            "projected_cuboid": [
                [
                    788.2331609725952,
                    1751.5896558761597
                ],
                [
                    1005.8567523956299,
                    1392.2457695007324
                ],
                [
                    563.6824369430542,
                    870.9180951118469
                ],
                [
                    416.1236882209778,
                    995.0957298278809
                ],
                [
                    665.0334596633911,
                    1398.6166715621948
                ],
                [
                    909.203290939331,
                    1089.5042419433594
                ],
                [
                    507.10320472717285,
                    705.5573463439941
                ],
                [
                    351.8391251564026,
                    815.5807256698608
                ],
                [
                    594.0762162208557,
                    1029.1677713394165
                ]
            ],
            "provenance": "visii",
            "quaternion_xyzw": [
                0.10747317224740982,
                -0.103491872549057,
                0.5694015622138977,
                -0.8084063529968262
            ],
            "quaternion_xyzw_world": [
                -0.6869133114814758,
                0.014019865542650223,
                0.690894603729248,
                -0.22498491406440735
            ],
            "segmentation_id": 8,
            "visibility": 0
        },
        {
            "bounding_box_minx_maxx_miny_maxy": [
                -1,
                -1,
                -1,
                -1
            ],
            "class": "Timberland",
            "local_cuboid": null,
            "local_to_world_matrix": [
                [
                    0.2706187963485718,
                    0.6877344250679016,
                    0.6736372709274292,
                    0.0
                ],
                [
                    -0.6173319220542908,
                    0.6609059572219849,
                    -0.42673730850219727,
                    0.0
                ],
                [
                    -0.7386928796768188,
                    -0.30037444829940796,
                    0.6034138202667236,
                    0.0
                ],
                [
                    0.2606357932090759,
                    -0.37777820229530334,
                    -0.18339408934116364,
                    1.0
                ]
            ],
            "location": [
                0.37777820229530334,
                -0.18339408934116364,
                -0.2606357932090759
            ],
            "location_world": [
                0.2606357932090759,
                -0.37777820229530334,
                -0.18339408934116364
            ],
            "name": "google_Timberland_Mens_Earthkeepers_Stormbuck_Chukka_8",
            "projected_cuboid": [
                [
                    1255.6968927383423,
                    271.26696705818176
                ],
                [
                    1967.2143459320068,
                    1138.9992237091064
                ],
                [
                    1041.0963296890259,
                    952.1481990814209
                ],
                [
                    967.0262336730957,
                    380.11521100997925
                ],
                [
                    1560.6005191802979,
                    454.20217514038086
                ],
                [
                    3492.3696517944336,
                    2260.866403579712
                ],
                [
                    1512.7145051956177,
                    1399.3455171585083
                ],
                [
                    1169.313907623291,
                    526.830792427063
                ],
                [
                    1344.5563316345215,
                    661.2811088562012
                ]
            ],
            "provenance": "visii",
            "quaternion_xyzw": [
                0.008807897567749023,
                0.36135318875312805,
                0.8445656895637512,
                0.3950384259223938
            ],
            "quaternion_xyzw_world": [
                -0.039683111011981964,
                -0.4435293972492218,
                0.40984418988227844,
                0.7960746884346008
            ],
            "segmentation_id": 9,
            "visibility": 0
        },
        {
            "bounding_box_minx_maxx_miny_maxy": [
                -1,
                -1,
                -1,
                -1
            ],
            "class": "Nescafe",
            "local_cuboid": null,
            "local_to_world_matrix": [
                [
                    -0.7206330299377441,
                    0.2987912893295288,
                    0.6256293654441833,
                    0.0
                ],
                [
                    -0.5372325778007507,
                    0.3297569751739502,
                    -0.7762999534606934,
                    0.0
                ],
                [
                    -0.4382573962211609,
                    -0.8955357074737549,
                    -0.07711350917816162,
                    0.0
                ],
                [
                    1.632802963256836,
                    0.3348362445831299,
                    0.7720933556556702,
                    1.0
                ]
            ],
            "location": [
                -0.3348362445831299,
                0.7720933556556702,
                -1.632802963256836
            ],
            "location_world": [
                1.632802963256836,
                0.3348362445831299,
                0.7720933556556702
            ],
            "name": "google_Nescafe_Tasters_Choice_Instant_Coffee_Decaf_House_Blend_Light_7_oz_9",
            "projected_cuboid": [
                [
                    183.33132565021515,
                    -71.39983773231506
                ],
                [
                    170.88653147220612,
                    -55.7209849357605
                ],
                [
                    111.30189895629883,
                    -45.42061686515808
                ],
                [
                    124.68758225440979,
                    -60.582101345062256
                ],
                [
                    197.0898061990738,
                    -34.69860553741455
                ],
                [
                    185.5742186307907,
                    -18.720686435699463
                ],
                [
                    127.78925895690918,
                    -10.686129331588745
                ],
                [
                    140.20627737045288,
                    -26.096582412719727
                ],
                [
                    154.61300313472748,
                    -40.007442235946655
                ]
            ],
            "provenance": "visii",
            "quaternion_xyzw": [
                -0.5097184181213379,
                -0.14511553943157196,
                -0.7926772236824036,
                -0.30131635069847107
            ],
            "quaternion_xyzw_world": [
                -0.08173654228448868,
                0.7292982339859009,
                -0.5730974078178406,
                -0.36469537019729614
            ],
            "segmentation_id": 10,
            "visibility": 0
        },
        {
            "bounding_box_minx_maxx_miny_maxy": [
                466,
                499,
                335,
                390
            ],
            "class": "Remington",
            "local_cuboid": null,
            "local_to_world_matrix": [
                [
                    -0.3869825601577759,
                    0.6106323003768921,
                    0.6909219026565552,
                    0.0
                ],
                [
                    0.8525075912475586,
                    -0.04861319065093994,
                    0.520449697971344,
                    0.0
                ],
                [
                    0.35139116644859314,
                    0.7904209494590759,
                    -0.5017564296722412,
                    0.0
                ],
                [
                    1.8066880702972412,
                    -0.7502785325050354,
                    -0.3486784100532532,
                    1.0
                ]
            ],
            "location": [
                0.7502785325050354,
                -0.3486784100532532,
                -1.8066880702972412
            ],
            "location_world": [
                1.8066880702972412,
                -0.7502785325050354,
                -0.3486784100532532
            ],
            "name": "google_Remington_TStudio_Silk_Ceramic_Hair_Straightener_2_Inch_Floating_Plates_10",
            "projected_cuboid": [
                [
                    484.34978723526,
                    400.7698893547058
                ],
                [
                    455.97952604293823,
                    327.0910084247589
                ],
                [
                    474.9179184436798,
                    317.58642196655273
                ],
                [
                    506.8654417991638,
                    390.7133936882019
                ],
                [
                    504.50634956359863,
                    426.7880916595459
                ],
                [
                    474.0312099456787,
                    351.28849744796753
                ],
                [
                    492.71947145462036,
                    342.3023819923401
                ],
                [
                    526.6581773757935,
                    417.3752963542938
                ],
                [
                    488.8806939125061,
                    369.1186308860779
                ]
            ],
            "provenance": "visii",
            "quaternion_xyzw": [
                0.23468559980392456,
                0.7877933382987976,
                -0.42976492643356323,
                -0.37363964319229126
            ],
            "quaternion_xyzw_world": [
                0.5393021106719971,
                0.6782561540603638,
                0.4831768274307251,
                -0.12514843046665192
            ],
            "segmentation_id": 11,
            "visibility": 1
        },
        {
            "bounding_box_minx_maxx_miny_maxy": [
                304,
                450,
                294,
                469
            ],
            "class": "Predito",
            "local_cuboid": null,
            "local_to_world_matrix": [
                [
                    0.8218404054641724,
                    0.4685070514678955,
                    0.3241596817970276,
                    0.0
                ],
                [
                    -0.02173563838005066,
                    -0.5427843332290649,
                    0.8395907878875732,
                    0.0
                ],
                [
                    0.569303035736084,
                    -0.697055459022522,
                    -0.4358987808227539,
                    0.0
                ],
                [
                    0.7604111433029175,
                    -0.1371145248413086,
                    -0.15696190297603607,
                    1.0
                ]
            ],
            "location": [
                0.1371145248413086,
                -0.15696190297603607,
                -0.7604111433029175
            ],
            "location_world": [
                0.7604111433029175,
                -0.1371145248413086,
                -0.15696190297603607
            ],
            "name": "google_Predito_LZ_TRX_FG_W_11",
            "projected_cuboid": [
                [
                    336.19189262390137,
                    459.9800109863281
                ],
                [
                    436.2820088863373,
                    307.42529034614563
                ],
                [
                    391.6844427585602,
                    274.7706174850464
                ],
                [
                    283.89135003089905,
                    439.77904319763184
                ],
                [
                    377.0029842853546,
                    502.47764587402344
                ],
                [
                    486.95075511932373,
                    335.6555104255676
                ],
                [
                    442.2266185283661,
                    302.1180331707001
                ],
                [
                    322.910338640213,
                    483.9474558830261
                ],
                [
                    384.36734676361084,
                    388.25756311416626
                ]
            ],
            "provenance": "visii",
            "quaternion_xyzw": [
                0.2555411458015442,
                0.8481451869010925,
                -0.12207907438278198,
                0.4477110505104065
            ],
            "quaternion_xyzw_world": [
                0.8367382287979126,
                0.13348601758480072,
                0.2669481039047241,
                0.45911797881126404
            ],
            "segmentation_id": 12,
            "visibility": 1
        },
        {
            "bounding_box_minx_maxx_miny_maxy": [
                0,
                205,
                46,
                172
            ],
            "class": "Fresca",
            "local_cuboid": null,
            "local_to_world_matrix": [
                [
                    -0.5062838792800903,
                    0.8352794647216797,
                    0.21444071829319,
                    0.0
                ],
                [
                    -0.6781301498413086,
                    -0.23199808597564697,
                    -0.6973638534545898,
                    0.0
                ],
                [
                    -0.5327438712120056,
                    -0.4984828233718872,
                    0.6838850975036621,
                    0.0
                ],
                [
                    1.2883011102676392,
                    0.3339921534061432,
                    0.25621870160102844,
                    1.0
                ]
            ],
            "location": [
                -0.3339921534061432,
                0.25621870160102844,
                -1.2883011102676392
            ],
            "location_world": [
                1.2883011102676392,
                0.3339921534061432,
                0.25621870160102844
            ],
            "name": "google_Fresca_Peach_Citrus_Sparkling_Flavored_Soda_12_PK_12",
            "projected_cuboid": [
                [
                    13.247504830360413,
                    22.953078150749207
                ],
                [
                    10.568305850028992,
                    57.79509246349335
                ],
                [
                    -9.18346643447876,
                    116.50802195072174
                ],
                [
                    -5.138307809829712,
                    79.11230623722076
                ],
                [
                    199.0644633769989,
                    95.7244336605072
                ],
                [
                    210.60320734977722,
                    130.3221881389618
                ],
                [
                    183.6060881614685,
                    176.2882024049759
                ],
                [
                    174.39618706703186,
                    140.32959938049316
                ],
                [
                    104.57523167133331,
                    105.15464842319489
                ]
            ],
            "provenance": "visii",
            "quaternion_xyzw": [
                0.2869409918785095,
                0.388963907957077,
                0.8754123449325562,
                -0.0050140321254730225
            ],
            "quaternion_xyzw_world": [
                -0.10226073116064072,
                -0.3841876983642578,
                0.7781656384468079,
                0.4862106144428253
            ],
            "segmentation_id": 13,
            "visibility": 1
        },
