{
    "camera_data": {
        "camera_look_at": {
            "at": [
                1.0,
                0.0,
                0.0
            ],
            "eye": [
                0.0,
                0.0,
                0.0
            ],
            "up": [
                0.0,
                0.0,
                1.0
            ]
        },
        "camera_view_matrix": [
            [
                0.0,
                0.0,
                -1.0,
                0.0
            ],
            [
                -1.0,
                0.0,
                0.0,
                0.0
            ],
            [
                0.0,
                1.0,
                0.0,
                0.0
            ],
            [
                0.0,
                0.0,
                0.0,
                1.0
            ]
        ],
        "height": 500,
        "intrinsics": {
            "cx": 250.0,
            "cy": 250.0,
            "fx": 603.5535278320312,
            "fy": 603.5535278320312
        },
        "location_world": [
            0.0,
            0.0,
            0.0
        ],
        "quaternion_world_xyzw": [
            0.5,
            -0.5,
            -0.5,
            0.5
        ],
        "width": 500
    },
    "objects": [
        {
            "bounding_box_minx_maxx_miny_maxy": [
                165,
                202,
                96,
                146
            ],
            "class": "Perricone",
            "local_cuboid": null,
            "local_to_world_matrix": [
                [
                    -0.5279643535614014,
                    -0.11857810616493225,
                    -0.8409479856491089,
                    0.0
                ],
                [
                    -0.6474013328552246,
                    0.6970714330673218,
                    0.30816084146499634,
                    0.0
                ],
                [
                    0.5496597290039062,
                    0.7071285843849182,
                    -0.4447965621948242,
                    0.0
                ],
                [
                    1.8382682800292969,
                    0.16761931777000427,
                    0.42268556356430054,
                    1.0
                ]
            ],
            "location": [
                -0.16761931777000427,
                0.42268556356430054,
                -1.8382682800292969
            ],
            "location_world": [
                1.8382682800292969,
                0.16761931777000427,
                0.42268556356430054
            ],
            "name": "google_Perricone_MD_Photo_Plasma_0",
            "projected_cuboid": [
                [
                    182.08640813827515,
                    147.28158712387085
                ],
                [
                    165.67938029766083,
                    138.3666843175888
                ],
                [
                    187.9979521036148,
                    119.01789903640747
                ],
                [
                    204.40737903118134,
                    128.6596804857254
                ],
                [
                    180.14347553253174,
                    122.61807918548584
                ],
                [
                    164.17504847049713,
                    113.41772973537445
                ],
                [
                    185.77077984809875,
                    93.87467801570892
                ],
                [
                    201.74428820610046,
                    103.79347205162048
                ],
                [
                    183.90688300132751,
                    120.89310586452484
                ]
            ],
            "provenance": "visii",
            "quaternion_xyzw": [
                -0.5831117630004883,
                0.6594017744064331,
                0.0768139511346817,
                -0.46826261281967163
            ],
            "quaternion_xyzw_world": [
                -0.23439326882362366,
                0.8169810771942139,
                0.3106832802295685,
                0.42553243041038513
            ],
            "segmentation_id": 1,
            "visibility": 1
        },
        {
            "bounding_box_minx_maxx_miny_maxy": [
                -1,
                -1,
                -1,
                -1
            ],
            "class": "Glycerin",
            "local_cuboid": null,
            "local_to_world_matrix": [
                [
                    0.7086603045463562,
                    0.14439359307289124,
                    0.6906163692474365,
                    0.0
                ],
                [
                    0.4934864938259125,
                    -0.8010079860687256,
                    -0.3389057517051697,
                    0.0
                ],
                [
                    0.5042535066604614,
                    0.5809789299964905,
                    -0.6388988494873047,
                    0.0
                ],
                [
                    0.281996488571167,
                    0.19422079622745514,
                    0.49442058801651,
                    1.0
                ]
            ],
            "location": [
                -0.19422079622745514,
                0.49442058801651,
                -0.281996488571167
            ],
            "location_world": [
                0.281996488571167,
                0.19422079622745514,
                0.49442058801651
            ],
            "name": "google_Glycerin_11_Color_BrllntBluSkydvrSlvrBlckWht_Size_80_1",
            "projected_cuboid": [
                [
                    -517.6211595535278,
                    -701.0111808776855
                ],
                [
                    44.04304921627045,
                    -262.0697617530823
                ],
                [
                    128.00657749176025,
                    -481.106162071228
                ],
                [
                    -537.4988317489624,
                    -1173.1574535369873
                ],
                [
                    -752.6737451553345,
                    -833.305835723877
                ],
                [
                    25.6664901971817,
                    -245.21315097808838
                ],
                [
                    128.27196717262268,
                    -519.6513533592224
                ],
                [
                    -880.9378147125244,
                    -1604.6885251998901
                ],
                [
                    -196.1783468723297,
                    -610.7534766197205
                ]
            ],
            "provenance": "visii",
            "quaternion_xyzw": [
                0.651683509349823,
                0.5722196698188782,
                -0.4947337210178375,
                0.055783361196517944
            ],
            "quaternion_xyzw_world": [
                0.8872101306915283,
                0.17974324524402618,
                0.33669304847717285,
                -0.2592070996761322
            ],
            "segmentation_id": 2,
            "visibility": 0
        },
        {
            "bounding_box_minx_maxx_miny_maxy": [
                197,
                499,
                1,
                142
            ],
            "class": "Jansport",
            "local_cuboid": null,
            "local_to_world_matrix": [
                [
                    -0.6614823341369629,
                    0.749591588973999,
                    0.02352699637413025,
                    0.0
                ],
                [
                    0.186194509267807,
                    0.1945357322692871,
                    -0.9630614519119263,
                    0.0
                ],
                [
                    -0.7264796495437622,
                    -0.6326675415039062,
                    -0.26825177669525146,
                    0.0
                ],
                [
                    1.1225922107696533,
                    -0.04929783195257187,
                    0.4285454750061035,
                    1.0
                ]
            ],
            "location": [
                0.04929783195257187,
                0.4285454750061035,
                -1.1225922107696533
            ],
            "location_world": [
                1.1225922107696533,
                -0.04929783195257187,
                0.4285454750061035
            ],
            "name": "google_Jansport_School_Backpack_Blue_Streak_2",
            "projected_cuboid": [
                [
                    456.5894603729248,
                    -210.77707409858704
                ],
                [
                    375.6605386734009,
                    135.5430781841278
                ],
                [
                    173.70298504829407,
                    101.92736983299255
                ],
                [
                    213.31153810024261,
                    -131.72867894172668
                ],
                [
                    585.0386619567871,
                    -81.01305365562439
                ],
                [
                    514.9885416030884,
                    169.46467757225037
                ],
                [
                    315.57753682136536,
                    133.56631994247437
                ],
                [
                    355.50805926322937,
                    -52.16977000236511
                ],
                [
                    363.0126118659973,
                    17.732426524162292
                ]
            ],
            "provenance": "visii",
            "quaternion_xyzw": [
                -0.34892338514328003,
                0.12252596020698547,
                -0.9272449612617493,
                -0.05879315733909607
            ],
            "quaternion_xyzw_world": [
                0.32102715969085693,
                0.7287437319755554,
                -0.5474246144294739,
                -0.2572943866252899
            ],
            "segmentation_id": 3,
            "visibility": 1
        },
        {
            "bounding_box_minx_maxx_miny_maxy": [
                157,
                205,
                17,
                65
            ],
            "class": "Mario",
            "local_cuboid": null,
            "local_to_world_matrix": [
                [
                    0.15329337120056152,
                    -0.8952517509460449,
                    0.41836073994636536,
                    0.0
                ],
                [
                    0.6581038236618042,
                    -0.22333002090454102,
                    -0.7190434336662292,
                    0.0
                ],
                [
                    0.7371572256088257,
                    0.38554948568344116,
                    0.5549333691596985,
                    0.0
                ],
                [
                    1.7860925197601318,
                    0.1896754950284958,
                    0.6279840469360352,
                    1.0
                ]
            ],
            "location": [
                -0.1896754950284958,
                0.6279840469360352,
                -1.7860925197601318
            ],
            "location_world": [
                1.7860925197601318,
                0.1896754950284958,
                0.6279840469360352
            ],
            "name": "google_Mario_Luigi_Dream_Team_Nintendo_3DS_Game_3",
            "projected_cuboid": [
                [
                    199.2911845445633,
                    7.310658693313599
                ],
                [
                    210.66762506961823,
                    47.47492074966431
                ],
                [
                    212.4728560447693,
                    49.12000894546509
                ],
                [
                    201.1032998561859,
                    8.758246898651123
                ],
                [
                    156.14210069179535,
                    24.260014295578003
                ],
                [
                    169.59281265735626,
                    64.12380933761597
                ],
                [
                    171.14752531051636,
                    65.89798629283905
                ],
                [
                    157.6775312423706,
                    25.842487812042236
                ],
                [
                    185.0259006023407,
                    37.00710833072662
                ]
            ],
            "provenance": "visii",
            "quaternion_xyzw": [
                -0.9153486490249634,
                -0.17525850236415863,
                0.14716880023479462,
                0.33130472898483276
            ],
            "quaternion_xyzw_world": [
                -0.45323559641838074,
                0.1308082938194275,
                -0.6373715400695801,
                0.6092818379402161
            ],
            "segmentation_id": 4,
            "visibility": 1
        },
        {
            "bounding_box_minx_maxx_miny_maxy": [
                -1,
                -1,
                -1,
                -1
            ],
            "class": "INTERNATIONAL",
            "local_cuboid": null,
            "local_to_world_matrix": [
                [
                    -0.036014437675476074,
                    0.6016688346862793,
                    -0.7979332208633423,
                    0.0
                ],
                [
                    0.06800180673599243,
                    0.7980760335922241,
                    0.5987071990966797,
                    0.0
                ],
                [
                    0.9970349073410034,
                    -0.03269878029823303,
                    -0.0696568489074707,
                    0.0
                ],
                [
                    0.1081373319029808,
                    -0.1077611893415451,
                    -0.3417525291442871,
                    1.0
                ]
            ],
            "location": [
                0.1077611893415451,
                -0.3417525291442871,
                -0.1081373319029808
            ],
            "location_world": [
                0.1081373319029808,
                -0.1077611893415451,
                -0.3417525291442871
            ],
            "name": "google_INTERNATIONAL_PAPER_Willamette_4_Brown_Bag_500Count_4",
            "projected_cuboid": [
                [
                    594.822108745575,
                    1630.1968097686768
                ],
                [
                    77.52320170402527,
                    1164.0230417251587
                ],
                [
                    -161.49356961250305,
                    2247.849464416504
                ],
                [
                    1073.6744403839111,
                    3601.470947265625
                ],
                [
                    983.6764335632324,
                    1041.1264896392822
                ],
                [
                    459.5774710178375,
                    631.813645362854
                ],
                [
                    676.6596436500549,
                    1020.3163623809814
                ],
                [
                    1937.3172521591187,
                    2041.6259765625
                ],
                [
                    622.8463649749756,
                    1421.3513135910034
                ]
            ],
            "provenance": "visii",
            "quaternion_xyzw": [
                -0.44627872109413147,
                0.894065260887146,
                -0.038492344319820404,
                -0.0009271278977394104
            ],
            "quaternion_xyzw_world": [
                0.24267588555812836,
                0.6898817420005798,
                0.20511068403720856,
                0.65046226978302
            ],
            "segmentation_id": 5,
            "visibility": 0
        },
        {
            "bounding_box_minx_maxx_miny_maxy": [
                207,
                323,
                379,
                500
            ],
            "class": "LEGO",
            "local_cuboid": null,
            "local_to_world_matrix": [
                [
                    -0.968056321144104,
                    0.20882973074913025,
                    -0.13877016305923462,
                    0.0
                ],
                [
                    0.23047643899917603,
                    0.523201048374176,
                    -0.8204519152641296,
                    0.0
                ],
                [
                    -0.09873004257678986,
                    -0.8262268900871277,
                    -0.5546184778213501,
                    0.0
                ],
                [
                    1.6859614849090576,
                    0.017748311161994934,
                    -0.5342289805412292,
                    1.0
                ]
            ],
            "location": [
                -0.017748311161994934,
                -0.5342289805412292,
                -1.6859614849090576
            ],
            "location_world": [
                1.6859614849090576,
                0.017748311161994934,
                -0.5342289805412292
            ],
            "name": "google_LEGO_5887_Dino_Defense_HQ_5",
            "projected_cuboid": [
                [
                    357.50967264175415,
                    491.77348613739014
                ],
                [
                    277.16296911239624,
                    595.4545140266418
                ],
                [
                    189.5781010389328,
                    531.0178399085999
                ],
                [
                    263.5161876678467,
                    425.58830976486206
                ],
                [
                    362.9329204559326,
                    413.3039712905884
                ],
                [
                    300.7584810256958,
                    496.5314269065857
                ],
                [
                    232.64797031879425,
                    447.97465205192566
                ],
                [
                    291.01765155792236,
                    363.81107568740845
                ],
                [
                    284.88779067993164,
                    466.29929542541504
                ]
            ],
            "provenance": "visii",
            "quaternion_xyzw": [
                -0.6149984002113342,
                0.26909470558166504,
                -0.729385256767273,
                -0.13176536560058594
            ],
            "quaternion_xyzw_world": [
                0.1258581131696701,
                0.8726218938827515,
                -0.4717618227005005,
                0.011471213772892952
            ],
            "segmentation_id": 6,
            "visibility": 1
        },
        {
            "bounding_box_minx_maxx_miny_maxy": [
                -1,
                -1,
                -1,
                -1
            ],
            "class": "Mens",
            "local_cuboid": null,
            "local_to_world_matrix": [
                [
                    0.7354668974876404,
                    0.30112385749816895,
                    -0.6069702506065369,
                    0.0
                ],
                [
                    0.1640266329050064,
                    0.7900437116622925,
                    0.5906997323036194,
                    0.0
                ],
                [
                    0.6574068665504456,
                    -0.5339993834495544,
                    0.5316586494445801,
                    0.0
                ],
                [
                    0.1531674563884735,
                    0.33733874559402466,
                    0.3788914680480957,
                    1.0
                ]
            ],
            "location": [
                -0.33733874559402466,
                0.3788914680480957,
                -0.1531674563884735
            ],
            "location_world": [
                0.1531674563884735,
                0.33733874559402466,
                0.3788914680480957
            ],
            "name": "google_Mens_ASV_Shock_Light_Bungee_in_Light_Grey_xGCOvtLDnQJ_6",
            "projected_cuboid": [
                [
                    -183.72666835784912,
                    -543.5748100280762
                ],
                [
                    -580.7313919067383,
                    -765.0797367095947
                ],
                [
                    -1054.002046585083,
                    -953.8788795471191
                ],
                [
                    -607.0579290390015,
                    -683.5281252861023
                ],
                [
                    -271.6888189315796,
                    -1152.4240970611572
                ],
                [
                    -795.4260110855103,
                    -1321.7333555221558
                ],
                [
                    -1662.258267402649,
                    -1933.3984851837158
                ],
                [
                    -1141.7592763900757,
                    -1938.5554790496826
                ],
                [
                    -712.4383449554443,
                    -1040.5651330947876
                ]
            ],
            "provenance": "visii",
            "quaternion_xyzw": [
                -0.4374880790710449,
                0.7983154654502869,
                0.11512742936611176,
                0.3975452780723572
            ],
            "quaternion_xyzw_world": [
                0.3216226398944855,
                0.36156541109085083,
                0.03920476511120796,
                0.874238133430481
            ],
            "segmentation_id": 7,
            "visibility": 0
        },
        {
            "bounding_box_minx_maxx_miny_maxy": [
                -1,
                -1,
                -1,
                -1
            ],
            "class": "Twinlab",
            "local_cuboid": null,
            "local_to_world_matrix": [
                [
                    -0.4602339267730713,
                    -0.5473957061767578,
                    -0.698958158493042,
                    0.0
                ],
                [
                    0.6633075475692749,
                    0.31127476692199707,
                    -0.6805372834205627,
                    0.0
                ],
                [
                    0.590091347694397,
                    -0.7768306136131287,
                    0.21983253955841064,
                    0.0
                ],
                [
                    0.3187680244445801,
                    0.05061809718608856,
                    -0.41028910875320435,
                    1.0
                ]
            ],
            "location": [
                -0.05061809718608856,
                -0.41028910875320435,
                -0.3187680244445801
            ],
            "location_world": [
                0.3187680244445801,
                0.05061809718608856,
                -0.41028910875320435
            ],
            "name": "google_Twinlab_100_Whey_Protein_Fuel_Chocolate_7",
            "projected_cuboid": [
                [
                    593.5307741165161,
                    810.1251125335693
                ],
                [
                    459.64711904525757,
                    822.7508664131165
                ],
                [
                    192.61415302753448,
                    1186.8865489959717
                ],
                [
                    294.62018609046936,
                    1330.3582668304443
                ],
                [
                    423.9882826805115,
                    574.2353796958923
                ],
                [
                    339.0226662158966,
                    629.0545463562012
                ],
                [
                    74.51502978801727,
                    855.4611206054688
                ],
                [
                    111.4923357963562,
                    850.7354855537415
                ],
                [
                    326.0791301727295,
                    833.4869742393494
                ]
            ],
            "provenance": "visii",
            "quaternion_xyzw": [
                -0.8393486142158508,
                0.3008979260921478,
                -0.36845970153808594,
                0.26304328441619873
            ],
            "quaternion_xyzw_world": [
                0.046526141464710236,
                0.6228314638137817,
                -0.584976851940155,
                0.5174150466918945
            ],
            "segmentation_id": 8,
            "visibility": 0
        },
        {
            "bounding_box_minx_maxx_miny_maxy": [
                471,
                499,
                289,
                344
            ],
            "class": "Timberland",
            "local_cuboid": null,
            "local_to_world_matrix": [
                [
                    -0.6709131002426147,
                    -0.13166849315166473,
                    -0.7297532558441162,
                    0.0
                ],
                [
                    0.1913437396287918,
                    -0.981522798538208,
                    0.0011793449521064758,
                    0.0
                ],
                [
                    -0.7164244651794434,
                    -0.13884246349334717,
                    0.6837096810340881,
                    0.0
                ],
                [
                    0.8001425266265869,
                    -0.42229607701301575,
                    -0.1014341339468956,
                    1.0
                ]
            ],
            "location": [
                0.42229607701301575,
                -0.1014341339468956,
                -0.8001425266265869
            ],
            "location_world": [
                0.8001425266265869,
                -0.42229607701301575,
                -0.1014341339468956
            ],
            "name": "google_Timberland_Mens_Earthkeepers_Stormbuck_Chukka_8",
            "projected_cuboid": [
                [
                    524.1587162017822,
                    309.1443181037903
                ],
                [
                    757.9166889190674,
                    303.9367198944092
                ],
                [
                    692.4482583999634,
                    358.6318790912628
                ],
                [
                    479.89851236343384,
                    367.6312565803528
                ],
                [
                    483.1697940826416,
                    234.43134129047394
                ],
                [
                    697.4169015884399,
                    235.31803488731384
                ],
                [
                    643.4521675109863,
                    291.7965054512024
                ],
                [
                    447.2602605819702,
                    295.1008081436157
                ],
                [
                    592.3517942428589,
                    299.22762513160706
                ]
            ],
            "provenance": "visii",
            "quaternion_xyzw": [
                0.3217393755912781,
                0.19563144445419312,
                0.6292012333869934,
                -0.6799398064613342
            ],
            "quaternion_xyzw_world": [
                -0.3958851099014282,
                -0.03768470138311386,
                0.9132559299468994,
                -0.08842325210571289
            ],
            "segmentation_id": 9,
            "visibility": 1
        },
        {
            "bounding_box_minx_maxx_miny_maxy": [
                -1,
                -1,
                -1,
                -1
            ],
            "class": "Nescafe",
            "local_cuboid": null,
            "local_to_world_matrix": [
                [
                    0.6154160499572754,
                    0.030704528093338013,
                    -0.7876042127609253,
                    0.0
                ],
                [
                    0.7245482206344604,
                    0.3713585138320923,
                    0.5806229114532471,
                    0.0
                ],
                [
                    0.31031131744384766,
                    -0.9279818534851074,
                    0.206292986869812,
                    0.0
                ],
                [
                    1.6368478536605835,
                    -0.057562872767448425,
                    0.6448016166687012,
                    1.0
                ]
            ],
            "location": [
                0.057562872767448425,
                0.6448016166687012,
                -1.6368478536605835
            ],
            "location_world": [
                1.6368478536605835,
                -0.057562872767448425,
                0.6448016166687012
            ],
            "name": "google_Nescafe_Tasters_Choice_Instant_Coffee_Decaf_House_Blend_Light_7_oz_9",
            "projected_cuboid": [
                [
                    336.56957745552063,
                    28.62091362476349
                ],
                [
                    323.6015737056732,
                    20.029917359352112
                ],
                [
                    264.73942399024963,
                    25.852754712104797
                ],
                [
                    276.10036730766296,
                    34.95021164417267
                ],
                [
                    340.82117676734924,
                    -7.5907111167907715
                ],
                [
                    327.25250720977783,
                    -15.256285667419434
                ],
                [
                    266.37396216392517,
                    -10.464608669281006
                ],
                [
                    278.2234251499176,
                    -2.344787120819092
                ],
                [
                    302.10214853286743,
                    9.429141879081726
                ]
            ],
            "provenance": "visii",
            "quaternion_xyzw": [
                -0.418026328086853,
                0.6931159496307373,
                -0.18692940473556519,
                0.5566882491111755
            ],
            "quaternion_xyzw_world": [
                0.5093536376953125,
                0.37069171667099,
                -0.23426400125026703,
                0.7404505610466003
            ],
            "segmentation_id": 10,
            "visibility": 0
        },
        {
            "bounding_box_minx_maxx_miny_maxy": [
                476,
                499,
                380,
                403
            ],
            "class": "Remington",
            "local_cuboid": null,
            "local_to_world_matrix": [
                [
                    -0.0176241397857666,
                    -0.9676814079284668,
                    -0.2515592873096466,
                    0.0
                ],
                [
                    -0.24807950854301453,
                    0.2479630708694458,
                    -0.9364672899246216,
                    0.0
                ],
                [
                    0.9685794115066528,
                    0.04590222239494324,
                    -0.24443209171295166,
                    0.0
                ],
                [
                    1.8246477842330933,
                    -0.7786821722984314,
                    -0.2988262176513672,
                    1.0
                ]
            ],
            "location": [
                0.7786821722984314,
                -0.2988262176513672,
                -1.8246477842330933
            ],
            "location_world": [
                1.8246477842330933,
                -0.7786821722984314,
                -0.2988262176513672
            ],
            "name": "google_Remington_TStudio_Silk_Ceramic_Hair_Straightener_2_Inch_Floating_Plates_10",
            "projected_cuboid": [
                [
                    527.1025896072388,
                    307.1461021900177
                ],
                [
                    512.9529237747192,
                    408.4629416465759
                ],
                [
                    523.4193801879883,
                    408.6836576461792
                ],
                [
                    537.6050472259521,
                    303.8766384124756
                ],
                [
                    489.16614055633545,
                    297.3009943962097
                ],
                [
                    473.3894467353821,
                    398.0712294578552
                ],
                [
                    482.4245572090149,
                    397.9191184043884
                ],
                [
                    498.3544945716858,
                    293.6975359916687
                ],
                [
                    505.61773777008057,
                    350.7972061634064
                ]
            ],
            "provenance": "visii",
            "quaternion_xyzw": [
                -0.9839624166488647,
                0.1269160509109497,
                0.007184728980064392,
                -0.12513476610183716
            ],
            "quaternion_xyzw_world": [
                -0.4946829378604889,
                0.6144142150878906,
                -0.36236345767974854,
                0.49646419286727905
            ],
            "segmentation_id": 11,
            "visibility": 1
        },
        {
            "bounding_box_minx_maxx_miny_maxy": [
                0,
                44,
                4,
                97
            ],
            "class": "Predito",
            "local_cuboid": null,
            "local_to_world_matrix": [
                [
                    -0.38729095458984375,
                    0.6644463539123535,
                    0.639153242111206,
                    0.0
                ],
                [
                    -0.07622221112251282,
                    -0.7139592170715332,
                    0.6960262060165405,
                    0.0
                ],
                [
                    0.9188014268875122,
                    0.22084695100784302,
                    0.3271554708480835,
                    0.0
                ],
                [
                    1.021612286567688,
                    0.44435742497444153,
                    0.30763596296310425,
                    1.0
                ]
            ],
            "location": [
                -0.44435742497444153,
                0.30763596296310425,
                -1.021612286567688
            ],
            "location_world": [
                1.021612286567688,
                0.44435742497444153,
                0.30763596296310425
            ],
            "name": "google_Predito_LZ_TRX_FG_W_11",
            "projected_cuboid": [
                [
                    -70.10245323181152,
                    97.26667404174805
                ],
                [
                    26.565656065940857,
                    -5.397975444793701
                ],
                [
                    18.40437948703766,
                    -9.615182876586914
                ],
                [
                    -87.973952293396,
                    103.61485183238983
                ],
                [
                    -28.583258390426636,
                    132.45230913162231
                ],
                [
                    65.80117344856262,
                    33.60523283481598
                ],
                [
                    61.86595559120178,
                    33.455461263656616
                ],
                [
                    -41.75671935081482,
                    142.05864071846008
                ],
                [
                    -6.826549768447876,
                    66.67061150074005
                ]
            ],
            "provenance": "visii",
            "quaternion_xyzw": [
                0.3736070394515991,
                0.9054383039474487,
                0.1113763302564621,
                -0.1679125726222992
            ],
            "quaternion_xyzw_world": [
                0.4998781979084015,
                0.29418373107910156,
                0.779167115688324,
                0.23764751851558685
            ],
            "segmentation_id": 12,
            "visibility": 1
        },
        {
            "bounding_box_minx_maxx_miny_maxy": [
                0,
                43,
                1,
                56
            ],
            "class": "Fresca",
            "local_cuboid": null,
            "local_to_world_matrix": [
                [
                    0.7880772948265076,
                    0.569673478603363,
                    0.23325160145759583,
                    0.0
                ],
                [
                    0.39618152379989624,
                    -0.17937123775482178,
                    -0.9004810452461243,
                    0.0
                ],
                [
                    -0.4711415469646454,
                    0.8020586371421814,
                    -0.3670525550842285,
                    0.0
                ],
                [
                    1.4131304025650024,
                    0.5558093786239624,
                    0.5266718864440918,
                    1.0
                ]
            ],
            "location": [
                -0.5558093786239624,
                0.5266718864440918,
                -1.4131304025650024
            ],
            "location_world": [
                1.4131304025650024,
                0.5558093786239624,
                0.5266718864440918
            ],
            "name": "google_Fresca_Peach_Citrus_Sparkling_Flavored_Soda_12_PK_12",
            "projected_cuboid": [
                [
                    -70.53259015083313,
                    10.336458683013916
                ],
                [
                    -49.2326021194458,
                    68.14210116863251
                ],
                [
                    1.3705343008041382,
                    57.143792510032654
                ],
                [
                    -17.279624938964844,
                    1.2287050485610962
                ],
                [
                    -38.563072681427,
                    -6.518036127090454
                ],
                [
                    -13.09618353843689,
                    67.29286909103394
                ],
                [
                    48.48812520503998,
                    53.573548793792725
                ],
                [
                    27.069613337516785,
                    -17.175257205963135
                ],
                [
                    -15.435457229614258,
                    30.351772904396057
                ]
            ],
            "provenance": "visii",
            "quaternion_xyzw": [
                -0.4635908603668213,
                -0.22251452505588531,
                0.8575103282928467,
                0.01570838689804077
            ],
            "quaternion_xyzw_world": [
                -0.763953685760498,
                -0.31607118248939514,
                0.07784828543663025,
                0.5571475625038147
            ],
            "segmentation_id": 13,
            "visibility": 1
        },
        {
