{
    "camera_data": {
        "camera_look_at": {
            "at": [
                1.0,
                0.0,
                0.0
            ],
            "eye": [
                0.0,
                0.0,
                0.0
            ],
            "up": [
                0.0,
                0.0,
                1.0
            ]
        },
        "camera_view_matrix": [
            [
                0.0,
                0.0,
                -1.0,
                0.0
            ],
            [
                -1.0,
                0.0,
                0.0,
                0.0
            ],
            [
                0.0,
                1.0,
                0.0,
                0.0
            ],
            [
                0.0,
                0.0,
                0.0,
                1.0
            ]
        ],
        "height": 500,
        "intrinsics": {
            "cx": 250.0,
            "cy": 250.0,
            "fx": 603.5535278320312,
            "fy": 603.5535278320312
        },
        "location_world": [
            0.0,
            0.0,
            0.0
        ],
        "quaternion_world_xyzw": [
            0.5,
            -0.5,
            -0.5,
            0.5
        ],
        "width": 500
    },
    "objects": [
        {
            "bounding_box_minx_maxx_miny_maxy": [
                -1,
                -1,
                -1,
                -1
            ],
            "class": "Perricone",
            "local_cuboid": null,
            "local_to_world_matrix": [
                [
                    -0.7192186117172241,
                    0.684990644454956,
                    -0.11624368280172348,
                    0.0
                ],
                [
                    0.681135892868042,
                    0.7281509041786194,
                    0.07648608833551407,
                    0.0
                ],
                [
                    0.13703519105911255,
                    -0.02416754700243473,
                    -0.9902714490890503,
                    0.0
                ],
                [
                    1.489227294921875,
                    0.2804589867591858,
                    0.38782498240470886,
                    1.0
                ]
            ],
            "location": [
                -0.2804589867591858,
                0.38782498240470886,
                -1.489227294921875
            ],
            "location_world": [
                1.489227294921875,
                0.2804589867591858,
                0.38782498240470886
            ],
            "name": "google_Perricone_MD_Photo_Plasma_0",
            "projected_cuboid": [
                [
                    128.75783443450928,
                    134.9080204963684
                ],
                [
                    113.11082541942596,
                    136.3210678100586
                ],
                [
                    110.73476076126099,
                    92.62123703956604
                ],
                [
                    126.46543979644775,
                    89.8352861404419
                ],
                [
                    163.63148391246796,
                    135.78695058822632
                ],
                [
                    147.75541424751282,
                    137.10620999336243
                ],
                [
                    145.81772685050964,
                    95.56062519550323
                ],
                [
                    161.78835928440094,
                    93.00236403942108
                ],
                [
                    137.59037852287292,
                    114.53643441200256
                ]
            ],
            "provenance": "visii",
            "quaternion_xyzw": [
                -0.3064141273498535,
                0.6889325380325317,
                -0.6065206527709961,
                -0.2522202730178833
            ],
            "quaternion_xyzw_world": [
                0.3684093952178955,
                0.9270437955856323,
                0.014108971692621708,
                0.06830283999443054
            ],
            "segmentation_id": 1,
            "visibility": 0
        },
        {
            "bounding_box_minx_maxx_miny_maxy": [
                -1,
                -1,
                -1,
                -1
            ],
            "class": "Glycerin",
            "local_cuboid": null,
            "local_to_world_matrix": [
                [
                    -0.8630141019821167,
                    -0.5051555037498474,
                    0.004950627684593201,
                    0.0
                ],
                [
                    -0.4000846743583679,
                    0.6894276142120361,
                    0.6038392186164856,
                    0.0
                ],
                [
                    -0.3084458112716675,
                    0.5191411375999451,
                    -0.7970906496047974,
                    0.0
                ],
                [
                    0.38653236627578735,
                    0.31624042987823486,
                    0.14964784681797028,
                    1.0
                ]
            ],
            "location": [
                -0.31624042987823486,
                0.14964784681797028,
                -0.38653236627578735
            ],
            "location_world": [
                0.38653236627578735,
                0.31624042987823486,
                0.14964784681797028
            ],
            "name": "google_Glycerin_11_Color_BrllntBluSkydvrSlvrBlckWht_Size_80_1",
            "projected_cuboid": [
                [
                    -178.6903440952301,
                    336.2017273902893
                ],
                [
                    -951.3071775436401,
                    -97.64030575752258
                ],
                [
                    -611.8268370628357,
                    -283.22845697402954
                ],
                [
                    -25.676995515823364,
                    161.8557870388031
                ],
                [
                    -161.6455316543579,
                    317.499577999115
                ],
                [
                    -689.8740530014038,
                    10.59943437576294
                ],
                [
                    -472.47767448425293,
                    -136.16648316383362
                ],
                [
                    -41.74542427062988,
                    180.82299828529358
                ],
                [
                    -330.26397228240967,
                    92.49275922775269
                ]
            ],
            "provenance": "visii",
            "quaternion_xyzw": [
                -0.384990394115448,
                0.4444766640663147,
                -0.22329971194267273,
                -0.7774060368537903
            ],
            "quaternion_xyzw_world": [
                -0.24731002748012543,
                0.9150863885879517,
                0.30679628252983093,
                -0.08561936020851135
            ],
            "segmentation_id": 2,
            "visibility": 0
        },
        {
            "bounding_box_minx_maxx_miny_maxy": [
                0,
                288,
                1,
                161
            ],
            "class": "Jansport",
            "local_cuboid": null,
            "local_to_world_matrix": [
                [
                    0.7585662603378296,
                    -0.6484946012496948,
                    -0.06349745392799377,
                    0.0
                ],
                [
                    -0.4307878911495209,
                    -0.5722355842590332,
                    0.6978311538696289,
                    0.0
                ],
                [
                    -0.48887524008750916,
                    -0.5019972324371338,
                    -0.7134422063827515,
                    0.0
                ],
                [
                    0.9629475474357605,
                    0.2921465039253235,
                    0.4781656265258789,
                    1.0
                ]
            ],
            "location": [
                -0.2921465039253235,
                0.4781656265258789,
                -0.9629475474357605
            ],
            "location_world": [
                0.9629475474357605,
                0.2921465039253235,
                0.4781656265258789
            ],
            "name": "google_Jansport_School_Backpack_Blue_Streak_2",
            "projected_cuboid": [
                [
                    217.85181760787964,
                    234.54338312149048
                ],
                [
                    368.61690878868103,
                    39.979711174964905
                ],
                [
                    213.96636962890625,
                    -100.51369667053223
                ],
                [
                    111.28339171409607,
                    77.60457694530487
                ],
                [
                    5.404174327850342,
                    208.97069573402405
                ],
                [
                    169.29802298545837,
                    -90.71093797683716
                ],
                [
                    15.879347920417786,
                    -244.42434310913086
                ],
                [
                    -82.80527591705322,
                    11.518925428390503
                ],
                [
                    129.4492483139038,
                    24.900883436203003
                ]
            ],
            "provenance": "visii",
            "quaternion_xyzw": [
                0.339775025844574,
                0.374319851398468,
                -0.18877863883972168,
                0.8419027328491211
            ],
            "quaternion_xyzw_world": [
                0.8723881244659424,
                -0.3092896640300751,
                -0.15829327702522278,
                0.34383445978164673
            ],
            "segmentation_id": 3,
            "visibility": 1
        },
        {
            "bounding_box_minx_maxx_miny_maxy": [
                -1,
                -1,
                -1,
                -1
            ],
            "class": "Mario",
            "local_cuboid": null,
            "local_to_world_matrix": [
                [
                    0.9937098026275635,
                    0.0880565494298935,
                    -0.06918764859437943,
                    0.0
                ],
                [
                    0.09216682612895966,
                    -0.994015097618103,
                    0.05864540487527847,
                    0.0
                ],
                [
                    -0.06360945850610733,
                    -0.06465331465005875,
                    -0.9958783388137817,
                    0.0
                ],
                [
                    1.7831746339797974,
                    -0.01948675885796547,
                    0.5791990160942078,
                    1.0
                ]
            ],
            "location": [
                0.01948675885796547,
                0.5791990160942078,
                -1.7831746339797974
            ],
            "location_world": [
                1.7831746339797974,
                -0.01948675885796547,
                0.5791990160942078
            ],
            "name": "google_Mario_Luigi_Dream_Team_Nintendo_3DS_Game_3",
            "projected_cuboid": [
                [
                    234.39867794513702,
                    68.53166222572327
                ],
                [
                    274.94460344314575,
                    67.27288663387299
                ],
                [
                    274.5884954929352,
                    62.10377812385559
                ],
                [
                    234.06310379505157,
                    63.3295476436615
                ],
                [
                    237.42881417274475,
                    50.65491795539856
                ],
                [
                    281.1758816242218,
                    49.41605031490326
                ],
                [
                    280.78770637512207,
                    43.84726285934448
                ],
                [
                    237.06455528736115,
                    45.04778981208801
                ],
                [
                    256.78616762161255,
                    56.618914008140564
                ]
            ],
            "provenance": "visii",
            "quaternion_xyzw": [
                0.4443220794200897,
                0.520358681678772,
                -0.5227380990982056,
                0.5084776878356934
            ],
            "quaternion_xyzw_world": [
                0.9979482889175415,
                0.04514847695827484,
                -0.03326753154397011,
                0.03088805265724659
            ],
            "segmentation_id": 4,
            "visibility": 0
        },
        {
            "bounding_box_minx_maxx_miny_maxy": [
                -1,
                -1,
                -1,
                -1
            ],
            "class": "INTERNATIONAL",
            "local_cuboid": null,
            "local_to_world_matrix": [
                [
                    -0.7979259490966797,
                    0.5388485789299011,
                    -0.2701047956943512,
                    0.0
                ],
                [
                    -0.34503427147865295,
                    -0.04089236259460449,
                    0.9376989006996155,
                    0.0
                ],
                [
                    0.4942324459552765,
                    0.8414096236228943,
                    0.21855026483535767,
                    0.0
                ],
                [
                    0.24164257943630219,
                    -0.29256969690322876,
                    -0.23654596507549286,
                    1.0
                ]
            ],
            "location": [
                0.29256969690322876,
                -0.23654596507549286,
                -0.24164257943630219
            ],
            "location_world": [
                0.24164257943630219,
                -0.29256969690322876,
                -0.23654596507549286
            ],
            "name": "google_INTERNATIONAL_PAPER_Willamette_4_Brown_Bag_500Count_4",
            "projected_cuboid": [
                [
                    487.8705143928528,
                    1131.4165592193604
                ],
                [
                    660.7076525688171,
                    707.5045108795166
                ],
                [
                    1764.8963928222656,
                    1263.65327835083
                ],
                [
                    976.675271987915,
                    1574.9926567077637
                ],
                [
                    566.8090581893921,
                    626.4231204986572
                ],
                [
                    658.9117050170898,
                    326.6751766204834
                ],
                [
                    983.6593866348267,
                    404.3484628200531
                ],
                [
                    802.2659420967102,
                    739.0984296798706
                ],
                [
                    761.584222316742,
                    730.0188541412354
                ]
            ],
            "provenance": "visii",
            "quaternion_xyzw": [
                -0.06649254262447357,
                0.861797571182251,
                0.16349102556705475,
                -0.47555702924728394
            ],
            "quaternion_xyzw_world": [
                0.07812848687171936,
                0.6201780438423157,
                0.7171764969825745,
                0.3081120252609253
            ],
            "segmentation_id": 5,
            "visibility": 0
        },
        {
            "bounding_box_minx_maxx_miny_maxy": [
                0,
                196,
                275,
                438
            ],
            "class": "LEGO",
            "local_cuboid": null,
            "local_to_world_matrix": [
                [
                    0.2760353684425354,
                    0.9590500593185425,
                    -0.06346181035041809,
                    0.0
                ],
                [
                    0.8858561515808105,
                    -0.2794746160507202,
                    -0.37034139037132263,
                    0.0
                ],
                [
                    -0.37291190028190613,
                    0.04600927233695984,
                    -0.9267252683639526,
                    0.0
                ],
                [
                    1.2562021017074585,
                    0.3329088091850281,
                    -0.11215676367282867,
                    1.0
                ]
            ],
            "location": [
                -0.3329088091850281,
                -0.11215676367282867,
                -1.2562021017074585
            ],
            "location_world": [
                1.2562021017074585,
                0.3329088091850281,
                -0.11215676367282867
            ],
            "name": "google_LEGO_5887_Dino_Defense_HQ_5",
            "projected_cuboid": [
                [
                    -104.13452982902527,
                    421.2784767150879
                ],
                [
                    18.6748206615448,
                    439.555823802948
                ],
                [
                    39.08856213092804,
                    326.77286863327026
                ],
                [
                    -67.8950846195221,
                    279.9755930900574
                ],
                [
                    129.04566526412964,
                    425.62925815582275
                ],
                [
                    206.3300460577011,
                    444.6651339530945
                ],
                [
                    214.9517834186554,
                    320.99300622940063
                ],
                [
                    147.5701928138733,
                    266.8006718158722
                ],
                [
                    74.10940527915955,
                    365.25827646255493
                ]
            ],
            "provenance": "visii",
            "quaternion_xyzw": [
                0.09795328974723816,
                0.5513159036636353,
                -0.8219342231750488,
                0.10430774837732315
            ],
            "quaternion_xyzw_world": [
                0.78775554895401,
                0.5854945182800293,
                -0.13848640024662018,
                -0.1321319341659546
            ],
            "segmentation_id": 6,
            "visibility": 1
        },
        {
            "bounding_box_minx_maxx_miny_maxy": [
                -1,
                -1,
                -1,
                -1
            ],
            "class": "Mens",
            "local_cuboid": null,
            "local_to_world_matrix": [
                [
                    -0.7451035976409912,
                    0.515440821647644,
                    0.42325177788734436,
                    0.0
                ],
                [
                    0.6513673067092896,
                    0.6987622976303101,
                    0.2957228720188141,
                    0.0
                ],
                [
                    -0.1433248221874237,
                    0.4960363805294037,
                    -0.8563916683197021,
                    0.0
                ],
                [
                    0.2872907817363739,
                    0.3649100661277771,
                    0.310843288898468,
                    1.0
                ]
            ],
            "location": [
                -0.3649100661277771,
                0.310843288898468,
                -0.2872907817363739
            ],
            "location_world": [
                0.2872907817363739,
                0.3649100661277771,
                0.310843288898468
            ],
            "name": "google_Mens_ASV_Shock_Light_Bungee_in_Light_Grey_xGCOvtLDnQJ_6",
            "projected_cuboid": [
                [
                    -1296.0418462753296,
                    -588.820219039917
                ],
                [
                    -777.0358324050903,
                    -262.5947594642639
                ],
                [
                    -622.714102268219,
                    -415.81976413726807
                ],
                [
                    -896.884560585022,
                    -892.7284479141235
                ],
                [
                    -571.7361569404602,
                    -152.93535590171814
                ],
                [
                    -491.01126194000244,
                    -93.21615099906921
                ],
                [
                    -377.49332189559937,
                    -224.11388158798218
                ],
                [
                    -361.4996671676636,
                    -384.32198762893677
                ],
                [
                    -602.8932929039001,
                    -313.60799074172974
                ]
            ],
            "provenance": "visii",
            "quaternion_xyzw": [
                -0.10666733980178833,
                0.6457241773605347,
                -0.583747148513794,
                -0.48052239418029785
            ],
            "quaternion_xyzw_world": [
                0.3211408257484436,
                0.9083305597305298,
                0.21791605651378632,
                -0.1559389978647232
            ],
            "segmentation_id": 7,
            "visibility": 0
        },
        {
            "bounding_box_minx_maxx_miny_maxy": [
                -1,
                -1,
                -1,
                -1
            ],
            "class": "Twinlab",
            "local_cuboid": null,
            "local_to_world_matrix": [
                [
                    0.6256971955299377,
                    0.23369300365447998,
                    -0.7442382574081421,
                    0.0
                ],
                [
                    0.7757363319396973,
                    -0.28678858280181885,
                    0.5621258616447449,
                    0.0
                ],
                [
                    -0.0820741355419159,
                    -0.9290532469749451,
                    -0.3607269525527954,
                    0.0
                ],
                [
                    0.5484799742698669,
                    -0.23202233016490936,
                    -0.4368455410003662,
                    1.0
                ]
            ],
            "location": [
                0.23202233016490936,
                -0.4368455410003662,
                -0.5484799742698669
            ],
            "location_world": [
                0.5484799742698669,
                -0.23202233016490936,
                -0.4368455410003662
            ],
            "name": "google_Twinlab_100_Whey_Protein_Fuel_Chocolate_7",
            "projected_cuboid": [
                [
                    754.5222640037537,
                    990.5788898468018
                ],
                [
                    700.8336782455444,
                    765.8311128616333
                ],
                [
                    466.155469417572,
                    663.7305021286011
                ],
                [
                    464.5753502845764,
                    856.4736247062683
                ],
                [
                    927.779495716095,
                    995.9620833396912
                ],
                [
                    825.0944018363953,
                    728.7014722824097
                ],
                [
                    544.2178249359131,
                    609.9594235420227
                ],
                [
                    563.9520883560181,
                    831.3072323799133
                ],
                [
                    645.0780630111694,
                    792.5014495849609
                ]
            ],
            "provenance": "visii",
            "quaternion_xyzw": [
                -0.17471906542778015,
                0.654550313949585,
                -0.43406257033348083,
                0.5938238501548767
            ],
            "quaternion_xyzw_world": [
                0.7538588643074036,
                0.334754079580307,
                -0.274027556180954,
                0.4945153594017029
            ],
            "segmentation_id": 8,
            "visibility": 0
        },
        {
            "bounding_box_minx_maxx_miny_maxy": [
                -1,
                -1,
                -1,
                -1
            ],
            "class": "Timberland",
            "local_cuboid": null,
            "local_to_world_matrix": [
                [
                    0.2871427536010742,
                    0.9520684480667114,
                    0.10542657971382141,
                    0.0
                ],
                [
                    -0.5798425674438477,
                    0.2603672742843628,
                    -0.7720049023628235,
                    0.0
                ],
                [
                    -0.7624510526657104,
                    0.16054481267929077,
                    0.6268123388290405,
                    0.0
                ],
                [
                    0.2922840118408203,
                    -0.427231103181839,
                    -0.17633895576000214,
                    1.0
                ]
            ],
            "location": [
                0.427231103181839,
                -0.17633895576000214,
                -0.2922840118408203
            ],
            "location_world": [
                0.2922840118408203,
                -0.427231103181839,
                -0.17633895576000214
            ],
            "name": "google_Timberland_Mens_Earthkeepers_Stormbuck_Chukka_8",
            "projected_cuboid": [
                [
                    1020.6890106201172,
                    209.81472730636597
                ],
                [
                    1697.7527141571045,
                    1244.21226978302
                ],
                [
                    1166.8254137039185,
                    1043.9965724945068
                ],
                [
                    877.7618408203125,
                    328.9279639720917
                ],
                [
                    1345.464825630188,
                    231.07072710990906
                ],
                [
                    2829.033613204956,
                    1643.0094242095947
                ],
                [
                    1672.4960803985596,
                    1219.9926376342773
                ],
                [
                    1111.3090515136719,
                    355.62586784362793
                ],
                [
                    1266.440510749817,
                    590.683102607727
                ]
            ],
            "provenance": "visii",
            "quaternion_xyzw": [
                -0.1198805570602417,
                0.32311469316482544,
                0.9336118102073669,
                0.0979512631893158
            ],
            "quaternion_xyzw_world": [
                -0.3162132203578949,
                -0.294283926486969,
                0.519447386264801,
                0.7372791767120361
            ],
            "segmentation_id": 9,
            "visibility": 0
        },
        {
            "bounding_box_minx_maxx_miny_maxy": [
                -1,
                -1,
                -1,
                -1
            ],
            "class": "Nescafe",
            "local_cuboid": null,
            "local_to_world_matrix": [
                [
                    0.5537221431732178,
                    -0.7790228128433228,
                    0.29413479566574097,
                    0.0
                ],
                [
                    0.153123140335083,
                    0.4424646496772766,
                    0.8836166262626648,
                    0.0
                ],
                [
                    -0.8185017704963684,
                    -0.44423919916152954,
                    0.36428892612457275,
                    0.0
                ],
                [
                    1.6895270347595215,
                    0.42059966921806335,
                    0.5826271772384644,
                    1.0
                ]
            ],
            "location": [
                -0.42059966921806335,
                0.5826271772384644,
                -1.6895270347595215
            ],
            "location_world": [
                1.6895270347595215,
                0.42059966921806335,
                0.5826271772384644
            ],
            "name": "google_Nescafe_Tasters_Choice_Instant_Coffee_Decaf_House_Blend_Light_7_oz_9",
            "projected_cuboid": [
                [
                    140.470951795578,
                    6.232455372810364
                ],
                [
                    127.84191966056824,
                    -18.794775009155273
                ],
                [
                    109.71128940582275,
                    28.6385715007782
                ],
                [
                    121.08917534351349,
                    51.77769064903259
                ],
                [
                    106.30069673061371,
                    8.971229195594788
                ],
                [
                    93.49849820137024,
                    -16.962796449661255
                ],
                [
                    77.91382074356079,
                    31.82804584503174
                ],
                [
                    89.42712843418121,
                    55.739596486091614
                ],
                [
                    108.1211119890213,
                    19.468575716018677
                ]
            ],
            "provenance": "visii",
            "quaternion_xyzw": [
                -0.13865827023983002,
                0.2674378752708435,
                0.19739702343940735,
                0.9328908324241638
            ],
            "quaternion_xyzw_world": [
                0.4321367144584656,
                -0.3620958626270294,
                -0.3033570945262909,
                0.7681919932365417
            ],
            "segmentation_id": 10,
            "visibility": 0
        },
        {
            "bounding_box_minx_maxx_miny_maxy": [
                465,
                499,
                369,
                435
            ],
            "class": "Remington",
            "local_cuboid": null,
            "local_to_world_matrix": [
                [
                    0.2791937589645386,
                    -0.9495300054550171,
                    -0.1429814100265503,
                    0.0
                ],
                [
                    -0.11313644051551819,
                    -0.18039381504058838,
                    0.977066159248352,
                    0.0
                ],
                [
                    -0.9535465240478516,
                    -0.25661444664001465,
                    -0.1577913761138916,
                    0.0
                ],
                [
                    1.8127764463424683,
                    -0.7066830396652222,
                    -0.3871314823627472,
                    1.0
                ]
            ],
            "location": [
                0.7066830396652222,
                -0.3871314823627472,
                -1.8127764463424683
            ],
            "location_world": [
                1.8127764463424683,
                -0.7066830396652222,
                -0.3871314823627472
            ],
            "name": "google_Remington_TStudio_Silk_Ceramic_Hair_Straightener_2_Inch_Floating_Plates_10",
            "projected_cuboid": [
                [
                    507.4331760406494,
                    440.6587481498718
                ],
                [
                    532.882809638977,
                    335.8851671218872
                ],
                [
                    517.4174904823303,
                    329.4338285923004
                ],
                [
                    493.1395947933197,
                    430.76789379119873
                ],
                [
                    471.904456615448,
                    438.31485509872437
                ],
                [
                    497.1122145652771,
                    331.3737213611603
                ],
                [
                    482.61189460754395,
                    324.95632767677307
                ],
                [
                    458.5704207420349,
                    428.3163249492645
                ],
                [
                    495.05114555358887,
                    382.9409182071686
                ]
            ],
            "provenance": "visii",
            "quaternion_xyzw": [
                0.06877009570598602,
                0.1360052078962326,
                -0.08208294212818146,
                0.984903872013092
            ],
            "quaternion_xyzw_world": [
                0.6358810663223267,
                -0.4177929162979126,
                -0.43110576272010803,
                0.4850280284881592
            ],
            "segmentation_id": 11,
            "visibility": 1
        },
        {
            "bounding_box_minx_maxx_miny_maxy": [
                408,
                472,
                298,
                359
            ],
            "class": "Predito",
            "local_cuboid": null,
            "local_to_world_matrix": [
                [
                    -0.9325987100601196,
                    -0.14906932413578033,
                    0.3286917209625244,
                    0.0
                ],
                [
                    0.09473972022533417,
                    0.7776678204536438,
                    0.6214959025382996,
                    0.0
                ],
                [
                    -0.34825897216796875,
                    0.6107463240623474,
                    -0.7111293077468872,
                    0.0
                ],
                [
                    1.5462071895599365,
                    -0.5343216061592102,
                    -0.19310230016708374,
                    1.0
                ]
            ],
            "location": [
                0.5343216061592102,
                -0.19310230016708374,
                -1.5462071895599365
            ],
            "location_world": [
                1.5462071895599365,
                -0.5343216061592102,
                -0.19310230016708374
            ],
            "name": "google_Predito_LZ_TRX_FG_W_11",
            "projected_cuboid": [
                [
                    488.47371339797974,
                    391.04992151260376
                ],
                [
                    401.5330672264099,
                    322.3980665206909
                ],
                [
                    425.0066876411438,
                    288.6257469654083
                ],
                [
                    510.0489854812622,
                    354.91132736206055
                ],
                [
                    469.9477255344391,
                    395.0140178203583
                ],
                [
                    388.0329728126526,
                    330.036461353302
                ],
                [
                    410.5909466743469,
                    297.8702485561371
                ],
                [
                    490.8204674720764,
                    360.7258200645447
                ],
                [
                    447.6321041584015,
                    342.18665957450867
                ]
            ],
            "provenance": "visii",
            "quaternion_xyzw": [
                -0.21172773838043213,
                0.530133843421936,
                -0.3800308406352997,
                -0.7278090715408325
            ],
            "quaternion_xyzw_world": [
                -0.014686048030853271,
                0.9248507618904114,
                0.33309218287467957,
                -0.18298916518688202
            ],
            "segmentation_id": 12,
            "visibility": 1
        },
        {
            "bounding_box_minx_maxx_miny_maxy": [
                0,
                201,
                122,
                236
            ],
            "class": "Fresca",
            "local_cuboid": null,
            "local_to_world_matrix": [
                [
                    -0.18849480152130127,
                    0.9582924842834473,
                    0.2148144543170929,
                    0.0
                ],
                [
                    0.01700034737586975,
                    0.22188663482666016,
                    -0.9749242067337036,
                    0.0
                ],
                [
                    -0.9819270372390747,
                    -0.18011626601219177,
                    -0.05811572074890137,
                    0.0
                ],
                [
                    1.2834713459014893,
                    0.3204875588417053,
                    0.1414293646812439,
                    1.0
                ]
            ],
            "location": [
                -0.3204875588417053,
                0.1414293646812439,
                -1.2834713459014893
            ],
            "location_world": [
                1.2834713459014893,
                0.3204875588417053,
                0.1414293646812439
            ],
            "name": "google_Fresca_Peach_Citrus_Sparkling_Flavored_Soda_12_PK_12",
            "projected_cuboid": [
                [
                    -8.110612630844116,
                    116.96328222751617
                ],
                [
                    -24.26084876060486,
                    190.60951471328735
                ],
                [
                    -7.549583911895752,
                    193.02795827388763
                ],
                [
                    6.979122757911682,
                    126.92570686340332
                ],
                [
                    206.22025430202484,
                    169.85225677490234
                ],
                [
                    190.6835287809372,
                    238.65792155265808
                ],
                [
                    185.73734164237976,
                    236.3116443157196
                ],
                [
                    199.76724684238434,
                    174.1354912519455
                ],
                [
                    97.02135622501373,
                    181.690976023674
                ]
            ],
            "provenance": "visii",
            "quaternion_xyzw": [
                -0.09314607083797455,
                0.018981441855430603,
                -0.9893360733985901,
                -0.11035208404064178
            ],
            "quaternion_xyzw_world": [
                0.40240970253944397,
                0.6059078574180603,
                -0.4765743315219879,
                -0.49378031492233276
            ],
            "segmentation_id": 13,
            "visibility": 1
        },
        {
