{
    "camera_data": {
        "camera_look_at": {
            "at": [
                1.0,
                0.0,
                0.0
            ],
            "eye": [
                0.0,
                0.0,
                0.0
            ],
            "up": [
                0.0,
                0.0,
                1.0
            ]
        },
        "camera_view_matrix": [
            [
                0.0,
                0.0,
                -1.0,
                0.0
            ],
            [
                -1.0,
                0.0,
                0.0,
                0.0
            ],
            [
                0.0,
                1.0,
                0.0,
                0.0
            ],
            [
                0.0,
                0.0,
                0.0,
                1.0
            ]
        ],
        "height": 500,
        "intrinsics": {
            "cx": 250.0,
            "cy": 250.0,
            "fx": 603.5535278320312,
            "fy": 603.5535278320312
        },
        "location_world": [
            0.0,
            0.0,
            0.0
        ],
        "quaternion_world_xyzw": [
            0.5,
            -0.5,
            -0.5,
            0.5
        ],
        "width": 500
    },
    "objects": [
        {
            "bounding_box_minx_maxx_miny_maxy": [
                168,
                184,
                87,
                107
            ],
            "class": "Perricone",
            "local_cuboid": null,
            "local_to_world_matrix": [
                [
                    0.16792309284210205,
                    0.8527860641479492,
                    0.49452781677246094,
                    0.0
                ],
                [
                    -0.2736489474773407,
                    0.522260308265686,
                    -0.8076883554458618,
                    0.0
                ],
                [
                    -0.9470576047897339,
                    0.0003025531768798828,
                    0.3210635185241699,
                    0.0
                ],
                [
                    1.7053700685501099,
                    0.24291419982910156,
                    0.4492523968219757,
                    1.0
                ]
            ],
            "location": [
                -0.24291419982910156,
                0.4492523968219757,
                -1.7053700685501099
            ],
            "location_world": [
                1.7053700685501099,
                0.24291419982910156,
                0.4492523968219757
            ],
            "name": "google_Perricone_MD_Photo_Plasma_0",
            "projected_cuboid": [
                [
                    149.42950010299683,
                    50.91427266597748
                ],
                [
                    135.50961017608643,
                    68.50036978721619
                ],
                [
                    142.19599962234497,
                    91.0118967294693
                ],
                [
                    155.24347126483917,
                    74.2073506116867
                ],
                [
                    182.23708868026733,
                    68.38145852088928
                ],
                [
                    168.53010654449463,
                    86.36073768138885
                ],
                [
                    173.34146797657013,
                    108.05706679821014
                ],
                [
                    186.19894981384277,
                    90.89896082878113
                ],
                [
                    161.61584854125977,
                    80.03614842891693
                ]
            ],
            "provenance": "visii",
            "quaternion_xyzw": [
                -0.04428505897521973,
                0.15655680000782013,
                0.9496752023696899,
                0.26766735315322876
            ],
            "quaternion_xyzw_world": [
                -0.284868061542511,
                -0.50825035572052,
                0.3971398174762726,
                0.7090921998023987
            ],
            "segmentation_id": 1,
            "visibility": 1
        },
        {
            "bounding_box_minx_maxx_miny_maxy": [
                -1,
                -1,
                -1,
                -1
            ],
            "class": "Glycerin",
            "local_cuboid": null,
            "local_to_world_matrix": [
                [
                    0.09436684846878052,
                    -0.6812410354614258,
                    0.7259514331817627,
                    0.0
                ],
                [
                    0.7008323669433594,
                    -0.4724416732788086,
                    -0.5344461798667908,
                    0.0
                ],
                [
                    0.7070564031600952,
                    0.5592042803764343,
                    0.4328530430793762,
                    0.0
                ],
                [
                    0.3089088201522827,
                    0.2460864633321762,
                    0.3911789655685425,
                    1.0
                ]
            ],
            "location": [
                -0.2460864633321762,
                0.3911789655685425,
                -0.3089088201522827
            ],
            "location_world": [
                0.3089088201522827,
                0.2460864633321762,
                0.3911789655685425
            ],
            "name": "google_Glycerin_11_Color_BrllntBluSkydvrSlvrBlckWht_Size_80_1",
            "projected_cuboid": [
                [
                    -452.1690011024475,
                    -892.450213432312
                ],
                [
                    5.866512656211853,
                    -230.52307963371277
                ],
                [
                    59.07002091407776,
                    -255.8535933494568
                ],
                [
                    -556.2532544136047,
                    -1250.2986192703247
                ],
                [
                    -647.7018594741821,
                    -757.1572065353394
                ],
                [
                    -96.87921404838562,
                    -137.57342100143433
                ],
                [
                    -66.2950873374939,
                    -141.81268215179443
                ],
                [
                    -853.5133600234985,
                    -1069.3660974502563
                ],
                [
                    -230.50200939178467,
                    -461.2429738044739
                ]
            ],
            "provenance": "visii",
            "quaternion_xyzw": [
                -0.8548017144203186,
                -0.3504886329174042,
                0.19114699959754944,
                0.3315638601779938
            ],
            "quaternion_xyzw_world": [
                -0.532436728477478,
                -0.00919891707599163,
                -0.6728535890579224,
                0.5135119557380676
            ],
            "segmentation_id": 2,
            "visibility": 0
        },
        {
            "bounding_box_minx_maxx_miny_maxy": [
                0,
                250,
                1,
                154
            ],
            "class": "Jansport",
            "local_cuboid": null,
            "local_to_world_matrix": [
                [
                    0.6814649105072021,
                    0.7239381074905396,
                    0.10732734203338623,
                    0.0
                ],
                [
                    0.6198489665985107,
                    -0.49296557903289795,
                    -0.6105508804321289,
                    0.0
                ],
                [
                    -0.3890923857688904,
                    0.4825957715511322,
                    -0.7846710681915283,
                    0.0
                ],
                [
                    1.1603819131851196,
                    0.1836756020784378,
                    0.5842887163162231,
                    1.0
                ]
            ],
            "location": [
                -0.1836756020784378,
                0.5842887163162231,
                -1.1603819131851196
            ],
            "location_world": [
                1.1603819131851196,
                0.1836756020784378,
                0.5842887163162231
            ],
            "name": "google_Jansport_School_Backpack_Blue_Streak_2",
            "projected_cuboid": [
                [
                    -124.36512112617493,
                    27.57418155670166
                ],
                [
                    33.98071229457855,
                    178.9800375699997
                ],
                [
                    151.43229067325592,
                    39.424777030944824
                ],
                [
                    38.94931077957153,
                    -117.0932948589325
                ],
                [
                    -39.092183113098145,
                    -13.133823871612549
                ],
                [
                    138.48784565925598,
                    184.8885715007782
                ],
                [
                    265.16616344451904,
                    15.211224555969238
                ],
                [
                    151.20822191238403,
                    -188.093364238739
                ],
                [
                    84.44972336292267,
                    20.946741104125977
                ]
            ],
            "provenance": "visii",
            "quaternion_xyzw": [
                0.3526756763458252,
                0.42552757263183594,
                -0.8251638412475586,
                0.11683683842420578
            ],
            "quaternion_xyzw_world": [
                0.8601019382476807,
                0.39058947563171387,
                -0.08189873397350311,
                -0.31773751974105835
            ],
            "segmentation_id": 3,
            "visibility": 1
        },
        {
            "bounding_box_minx_maxx_miny_maxy": [
                240,
                284,
                122,
                173
            ],
            "class": "Mario",
            "local_cuboid": null,
            "local_to_world_matrix": [
                [
                    -0.09866070747375488,
                    0.33776605129241943,
                    0.9360449314117432,
                    0.0
                ],
                [
                    0.7096620798110962,
                    0.6832849383354187,
                    -0.17175962030887604,
                    0.0
                ],
                [
                    -0.6976000070571899,
                    0.6473296880722046,
                    -0.3071131706237793,
                    0.0
                ],
                [
                    1.8526521921157837,
                    -0.0417366661131382,
                    0.31570640206336975,
                    1.0
                ]
            ],
            "location": [
                0.0417366661131382,
                0.31570640206336975,
                -1.8526521921157837
            ],
            "location_world": [
                1.8526521921157837,
                -0.0417366661131382,
                0.31570640206336975
            ],
            "name": "google_Mario_Luigi_Dream_Team_Nintendo_3DS_Game_3",
            "projected_cuboid": [
                [
                    267.1207785606384,
                    119.9689656496048
                ],
                [
                    238.84552717208862,
                    133.01900029182434
                ],
                [
                    242.27863550186157,
                    132.1251094341278
                ],
                [
                    270.5448269844055,
                    119.11331117153168
                ],
                [
                    282.5303375720978,
                    164.0077829360962
                ],
                [
                    253.73464822769165,
                    174.89773035049438
                ],
                [
                    257.0544481277466,
                    173.7602949142456
                ],
                [
                    285.83234548568726,
                    162.88284957408905
                ],
                [
                    261.9326710700989,
                    147.6927101612091
                ]
            ],
            "provenance": "visii",
            "quaternion_xyzw": [
                -0.184657484292984,
                -0.3422011435031891,
                0.7428199648857117,
                0.5449941158294678
            ],
            "quaternion_xyzw_world": [
                -0.3623422086238861,
                -0.7226788401603699,
                -0.1645163893699646,
                0.5651351809501648
            ],
            "segmentation_id": 4,
            "visibility": 1
        },
        {
            "bounding_box_minx_maxx_miny_maxy": [
                409,
                499,
                441,
                500
            ],
            "class": "INTERNATIONAL",
            "local_cuboid": null,
            "local_to_world_matrix": [
                [
                    0.09821432828903198,
                    0.7994953393936157,
                    -0.592588484287262,
                    0.0
                ],
                [
                    -0.2415684163570404,
                    0.5968106389045715,
                    0.7651547193527222,
                    0.0
                ],
                [
                    0.965400755405426,
                    0.06800147891044617,
                    0.2517482042312622,
                    0.0
                ],
                [
                    0.16044753789901733,
                    -0.13735193014144897,
                    -0.24007388949394226,
                    1.0
                ]
            ],
            "location": [
                0.13735193014144897,
                -0.24007388949394226,
                -0.16044753789901733
            ],
            "location_world": [
                0.16044753789901733,
                -0.13735193014144897,
                -0.24007388949394226
            ],
            "name": "google_INTERNATIONAL_PAPER_Willamette_4_Brown_Bag_500Count_4",
            "projected_cuboid": [
                [
                    422.4737286567688,
                    929.5546412467957
                ],
                [
                    126.5166699886322,
                    653.0065536499023
                ],
                [
                    49.70152676105499,
                    1184.6468448638916
                ],
                [
                    564.3692016601562,
                    1481.9531440734863
                ],
                [
                    853.8254499435425,
                    678.3171892166138
                ],
                [
                    633.5976719856262,
                    310.13309955596924
                ],
                [
                    1130.5551528930664,
                    563.8212561607361
                ],
                [
                    1344.0481424331665,
                    1122.5523948669434
                ],
                [
                    602.4970412254333,
                    836.5703225135803
                ]
            ],
            "provenance": "visii",
            "quaternion_xyzw": [
                -0.3165243864059448,
                0.939421534538269,
                0.1312820315361023,
                0.008040294051170349
            ],
            "quaternion_xyzw_world": [
                0.24982769787311554,
                0.5583117604255676,
                0.3730694353580475,
                0.6976341009140015
            ],
            "segmentation_id": 5,
            "visibility": 1
        },
        {
            "bounding_box_minx_maxx_miny_maxy": [
                97,
                302,
                346,
                500
            ],
            "class": "LEGO",
            "local_cuboid": null,
            "local_to_world_matrix": [
                [
                    -0.6667356491088867,
                    0.7338128685951233,
                    0.1303165853023529,
                    0.0
                ],
                [
                    -0.48763078451156616,
                    -0.29727840423583984,
                    -0.8208786845207214,
                    0.0
                ],
                [
                    -0.5636310577392578,
                    -0.6108554005622864,
                    0.5560357570648193,
                    0.0
                ],
                [
                    1.4713146686553955,
                    0.16920103132724762,
                    -0.45363563299179077,
                    1.0
                ]
            ],
            "location": [
                -0.16920103132724762,
                -0.45363563299179077,
                -1.4713146686553955
            ],
            "location_world": [
                1.4713146686553955,
                0.16920103132724762,
                -0.45363563299179077
            ],
            "name": "google_LEGO_5887_Dino_Defense_HQ_5",
            "projected_cuboid": [
                [
                    137.2353732585907,
                    309.3862235546112
                ],
                [
                    176.84635519981384,
                    476.31630301475525
                ],
                [
                    107.66084492206573,
                    520.2715396881104
                ],
                [
                    80.52195608615875,
                    365.54187536239624
                ],
                [
                    287.0877981185913,
                    320.6835985183716
                ],
                [
                    336.35976910591125,
                    452.87925004959106
                ],
                [
                    265.4256820678711,
                    490.4824495315552
                ],
                [
                    227.43520140647888,
                    365.9692406654358
                ],
                [
                    207.72339403629303,
                    408.9656472206116
                ]
            ],
            "provenance": "visii",
            "quaternion_xyzw": [
                0.3617439866065979,
                0.29550936818122864,
                0.8829386234283447,
                -0.04727447032928467
            ],
            "quaternion_xyzw_world": [
                -0.13647986948490143,
                -0.45094940066337585,
                0.7937332391738892,
                0.3847147822380066
            ],
            "segmentation_id": 6,
            "visibility": 1
        },
        {
            "bounding_box_minx_maxx_miny_maxy": [
                -1,
                -1,
                -1,
                -1
            ],
            "class": "Mens",
            "local_cuboid": null,
            "local_to_world_matrix": [
                [
                    0.28360170125961304,
                    0.9581632614135742,
                    0.03864279389381409,
                    0.0
                ],
                [
                    -0.26831361651420593,
                    0.0406000018119812,
                    0.9624756574630737,
                    0.0
                ],
                [
                    0.9206399917602539,
                    -0.2833281457424164,
                    0.2686024308204651,
                    0.0
                ],
                [
                    0.1665833592414856,
                    0.4766307771205902,
                    0.37837445735931396,
                    1.0
                ]
            ],
            "location": [
                -0.4766307771205902,
                0.37837445735931396,
                -0.1665833592414856
            ],
            "location_world": [
                0.1665833592414856,
                0.4766307771205902,
                0.37837445735931396
            ],
            "name": "google_Mens_ASV_Shock_Light_Bungee_in_Light_Grey_xGCOvtLDnQJ_6",
            "projected_cuboid": [
                [
                    -647.4542021751404,
                    -252.71135568618774
                ],
                [
                    -950.353741645813,
                    -1069.9361562728882
                ],
                [
                    -2000.105381011963,
                    -1936.2192153930664
                ],
                [
                    -1180.726170539856,
                    -413.5107398033142
                ],
                [
                    -530.9209823608398,
                    -295.62973976135254
                ],
                [
                    -834.9006175994873,
                    -1240.2971982955933
                ],
                [
                    -2057.0743083953857,
                    -2504.371166229248
                ],
                [
                    -1083.1482410430908,
                    -506.73651695251465
                ],
                [
                    -1007.4553489685059,
                    -827.7601003646851
                ]
            ],
            "provenance": "visii",
            "quaternion_xyzw": [
                -0.0004993230104446411,
                0.9799590110778809,
                0.13697408139705658,
                0.14463099837303162
            ],
            "quaternion_xyzw_world": [
                0.4935583174228668,
                0.34942662715911865,
                0.485901415348053,
                0.6310317516326904
            ],
            "segmentation_id": 7,
            "visibility": 0
        },
        {
            "bounding_box_minx_maxx_miny_maxy": [
                -1,
                -1,
                -1,
                -1
            ],
            "class": "Twinlab",
            "local_cuboid": null,
            "local_to_world_matrix": [
                [
                    -0.9134848117828369,
                    0.40479913353919983,
                    0.04102589935064316,
                    0.0
                ],
                [
                    -0.3359551727771759,
                    -0.8073012828826904,
                    0.4851790964603424,
                    0.0
                ],
                [
                    0.22952032089233398,
                    0.4294208586215973,
                    0.873451828956604,
                    0.0
                ],
                [
                    0.39108866453170776,
                    -0.06376444548368454,
                    -0.5486366748809814,
                    1.0
                ]
            ],
            "location": [
                0.06376444548368454,
                -0.5486366748809814,
                -0.39108866453170776
            ],
            "location_world": [
                0.39108866453170776,
                -0.06376444548368454,
                -0.5486366748809814
            ],
            "name": "google_Twinlab_100_Whey_Protein_Fuel_Chocolate_7",
            "projected_cuboid": [
                [
                    37.2457355260849,
                    783.5237383842468
                ],
                [
                    222.56703674793243,
                    732.8929901123047
                ],
                [
                    446.2220072746277,
                    1297.1631288528442
                ],
                [
                    194.88447904586792,
                    1270.370602607727
                ],
                [
                    163.63123059272766,
                    650.2411365509033
                ],
                [
                    308.4167540073395,
                    600.2023816108704
                ],
                [
                    469.777911901474,
                    959.851861000061
                ],
                [
                    290.0750935077667,
                    977.2599339485168
                ],
                [
                    261.849045753479,
                    875.0864863395691
                ]
            ],
            "provenance": "visii",
            "quaternion_xyzw": [
                0.29135122895240784,
                0.7279248833656311,
                0.415361225605011,
                -0.4612102508544922
            ],
            "quaternion_xyzw_world": [
                0.07135231792926788,
                0.24121136963367462,
                0.9479237794876099,
                0.19536229968070984
            ],
            "segmentation_id": 8,
            "visibility": 0
        },
        {
            "bounding_box_minx_maxx_miny_maxy": [
                -1,
                -1,
                -1,
                -1
            ],
            "class": "Timberland",
            "local_cuboid": null,
            "local_to_world_matrix": [
                [
                    -0.36879634857177734,
                    0.2631576359272003,
                    -0.8914804458618164,
                    0.0
                ],
                [
                    0.8205596208572388,
                    -0.35838019847869873,
                    -0.4452478885650635,
                    0.0
                ],
                [
                    -0.4366593062877655,
                    -0.8957185745239258,
                    -0.08376717567443848,
                    0.0
                ],
                [
                    0.4471953511238098,
                    -0.456279456615448,
                    -0.1765805035829544,
                    1.0
                ]
            ],
            "location": [
                0.456279456615448,
                -0.1765805035829544,
                -0.4471953511238098
            ],
            "location_world": [
                0.4471953511238098,
                -0.456279456615448,
                -0.1765805035829544
            ],
            "name": "google_Timberland_Mens_Earthkeepers_Stormbuck_Chukka_8",
            "projected_cuboid": [
                [
                    1433.4604740142822,
                    656.4518213272095
                ],
                [
                    971.8824625015259,
                    616.832971572876
                ],
                [
                    792.4836277961731,
                    572.6579427719116
                ],
                [
                    1026.1220932006836,
                    568.6037540435791
                ],
                [
                    1325.940728187561,
                    390.0194466114044
                ],
                [
                    949.5605230331421,
                    476.8834114074707
                ],
                [
                    784.6424579620361,
                    447.7178752422333
                ],
                [
                    984.0712547302246,
                    352.2273302078247
                ],
                [
                    976.8245220184326,
                    509.54556465148926
                ]
            ],
            "provenance": "visii",
            "quaternion_xyzw": [
                0.4316917359828949,
                -0.3087273836135864,
                0.7323019504547119,
                -0.42668893933296204
            ],
            "quaternion_xyzw_world": [
                -0.5180132985115051,
                -0.523016095161438,
                0.6409776210784912,
                -0.21740303933620453
            ],
            "segmentation_id": 9,
            "visibility": 0
        },
        {
            "bounding_box_minx_maxx_miny_maxy": [
                -1,
                -1,
                -1,
                -1
            ],
            "class": "Nescafe",
            "local_cuboid": null,
            "local_to_world_matrix": [
                [
                    -0.2904466390609741,
                    0.2712215185165405,
                    0.9176490306854248,
                    0.0
                ],
                [
                    -0.21840505301952362,
                    -0.9524663686752319,
                    0.2123844176530838,
                    0.0
                ],
                [
                    0.9316329956054688,
                    -0.13873283565044403,
                    0.3358767032623291,
                    0.0
                ],
                [
                    1.6096000671386719,
                    0.18247011303901672,
                    0.6983759999275208,
                    1.0
                ]
            ],
            "location": [
                -0.18247011303901672,
                0.6983759999275208,
                -1.6096000671386719
            ],
            "location_world": [
                1.6096000671386719,
                0.18247011303901672,
                0.6983759999275208
            ],
            "name": "google_Nescafe_Tasters_Choice_Instant_Coffee_Decaf_House_Blend_Light_7_oz_9",
            "projected_cuboid": [
                [
                    179.45104837417603,
                    -20.57000994682312
                ],
                [
                    204.64062690734863,
                    -29.002279043197632
                ],
                [
                    189.89449739456177,
                    -35.69796681404114
                ],
                [
                    162.14698553085327,
                    -26.283979415893555
                ],
                [
                    189.3322914838791,
                    13.358831405639648
                ],
                [
                    214.22120928764343,
                    5.387604236602783
                ],
                [
                    200.75839757919312,
                    2.493053674697876
                ],
                [
                    173.37389290332794,
                    11.339947581291199
                ],
                [
                    189.5953118801117,
                    -9.58988070487976
                ]
            ],
            "provenance": "visii",
            "quaternion_xyzw": [
                0.60166996717453,
                0.7770519256591797,
                0.17832842469215393,
                -0.0488106906414032
            ],
            "quaternion_xyzw_world": [
                0.5757914185523987,
                0.022932114079594612,
                0.8029305338859558,
                0.1524498462677002
            ],
            "segmentation_id": 10,
            "visibility": 0
        },
        {
            "bounding_box_minx_maxx_miny_maxy": [
                482,
                499,
                319,
                393
            ],
            "class": "Remington",
            "local_cuboid": null,
            "local_to_world_matrix": [
                [
                    -0.6847264766693115,
                    -0.71906977891922,
                    -0.11869460344314575,
                    0.0
                ],
                [
                    0.38210874795913696,
                    -0.4928913116455078,
                    0.7816976308822632,
                    0.0
                ],
                [
                    -0.6205986738204956,
                    0.4898947477340698,
                    0.6122584939002991,
                    0.0
                ],
                [
                    1.8206524848937988,
                    -0.7895106673240662,
                    -0.30298101902008057,
                    1.0
                ]
            ],
            "location": [
                0.7895106673240662,
                -0.30298101902008057,
                -1.8206524848937988
            ],
            "location_world": [
                1.8206524848937988,
                -0.7895106673240662,
                -0.30298101902008057
            ],
            "name": "google_Remington_TStudio_Silk_Ceramic_Hair_Straightener_2_Inch_Floating_Plates_10",
            "projected_cuboid": [
                [
                    513.7534737586975,
                    393.4361934661865
                ],
                [
                    549.1951107978821,
                    298.5537350177765
                ],
                [
                    553.1594753265381,
                    310.78577041625977
                ],
                [
                    518.8538432121277,
                    404.2756259441376
                ],
                [
                    470.2133536338806,
                    381.40320777893066
                ],
                [
                    506.910502910614,
                    291.6117012500763
                ],
                [
                    511.60287857055664,
                    303.4496605396271
                ],
                [
                    476.06658935546875,
                    392.00374484062195
                ],
                [
                    512.6034021377563,
                    345.31378746032715
                ]
            ],
            "provenance": "visii",
            "quaternion_xyzw": [
                0.281413197517395,
                0.33242636919021606,
                0.17308326065540314,
                -0.8833694458007812
            ],
            "quaternion_xyzw_world": [
                -0.22130656242370605,
                0.3806496560573578,
                0.8351461291313171,
                -0.32963648438453674
            ],
            "segmentation_id": 11,
            "visibility": 1
        },
        {
            "bounding_box_minx_maxx_miny_maxy": [
                206,
                272,
                450,
                500
            ],
            "class": "Predito",
            "local_cuboid": null,
            "local_to_world_matrix": [
                [
                    0.02773052453994751,
                    -0.8459764719009399,
                    0.5324986577033997,
                    0.0
                ],
                [
                    0.3652564287185669,
                    -0.4872927665710449,
                    -0.7931793332099915,
                    0.0
                ],
                [
                    0.9304937720298767,
                    0.21649378538131714,
                    0.2954854965209961,
                    0.0
                ],
                [
                    1.1788305044174194,
                    0.012777015566825867,
                    -0.5044649243354797,
                    1.0
                ]
            ],
            "location": [
                -0.012777015566825867,
                -0.5044649243354797,
                -1.1788305044174194
            ],
            "location_world": [
                1.1788305044174194,
                0.012777015566825867,
                -0.5044649243354797
            ],
            "name": "google_Predito_LZ_TRX_FG_W_11",
            "projected_cuboid": [
                [
                    219.63968873023987,
                    417.525053024292
                ],
                [
                    279.41375970840454,
                    499.30137395858765
                ],
                [
                    293.9172387123108,
                    536.9575023651123
                ],
                [
                    229.82999682426453,
                    450.7800340652466
                ],
                [
                    181.8791925907135,
                    441.59719347953796
                ],
                [
                    244.47327852249146,
                    521.803617477417
                ],
                [
                    256.0167908668518,
                    561.4631175994873
                ],
                [
                    188.588485121727,
                    477.1602749824524
                ],
                [
                    237.73929476737976,
                    489.14214968681335
                ]
            ],
            "provenance": "visii",
            "quaternion_xyzw": [
                0.9446758031845093,
                0.26987865567207336,
                -0.06463177502155304,
                -0.174859419465065
            ],
            "quaternion_xyzw_world": [
                0.5521634221076965,
                -0.21765297651290894,
                0.6623910665512085,
                -0.457144170999527
            ],
            "segmentation_id": 12,
            "visibility": 1
        },
        {
            "bounding_box_minx_maxx_miny_maxy": [
                -1,
                -1,
                -1,
                -1
            ],
            "class": "Fresca",
            "local_cuboid": null,
            "local_to_world_matrix": [
                [
                    -0.4020700454711914,
                    0.7669965624809265,
                    0.5000559091567993,
                    0.0
                ],
                [
                    0.9093635678291321,
                    0.39819300174713135,
                    0.12041686475276947,
                    0.0
                ],
                [
                    -0.1067594587802887,
                    0.5031486749649048,
                    -0.8575801849365234,
                    0.0
                ],
                [
                    1.341394066810608,
                    0.40865033864974976,
                    0.4701063632965088,
                    1.0
                ]
            ],
            "location": [
                -0.40865033864974976,
                0.4701063632965088,
                -1.341394066810608
            ],
            "location_world": [
                1.341394066810608,
                0.40865033864974976,
                0.4701063632965088
            ],
            "name": "google_Fresca_Peach_Citrus_Sparkling_Flavored_Soda_12_PK_12",
            "projected_cuboid": [
                [
                    -57.869285345077515,
                    18.810302019119263
                ],
                [
                    -53.64423990249634,
                    33.4739089012146
                ],
                [
                    -20.68808674812317,
                    -15.012979507446289
                ],
                [
                    -21.36749029159546,
                    -34.65127944946289
                ],
                [
                    119.9665516614914,
                    138.46656680107117
                ],
                [
                    108.40190947055817,
                    141.18964970111847
                ],
                [
                    136.21267676353455,
                    97.04938530921936
                ],
                [
                    150.25433897972107,
                    90.235635638237
                ],
                [
                    50.25365948677063,
                    62.39724159240723
                ]
            ],
            "provenance": "visii",
            "quaternion_xyzw": [
                0.038167744874954224,
                0.6672056913375854,
                -0.6620686054229736,
                -0.3391827642917633
            ],
            "quaternion_xyzw_world": [
                0.514129638671875,
                0.8151446580886841,
                0.19124382734298706,
                -0.18610666692256927
            ],
            "segmentation_id": 13,
            "visibility": 0
        },
        {
