{
    "camera_data": {
        "camera_look_at": {
            "at": [
                1.0,
                0.0,
                0.0
            ],
            "eye": [
                0.0,
                0.0,
                0.0
            ],
            "up": [
                0.0,
                0.0,
                1.0
            ]
        },
        "camera_view_matrix": [
            [
                0.0,
                0.0,
                -1.0,
                0.0
            ],
            [
                -1.0,
                0.0,
                0.0,
                0.0
            ],
            [
                0.0,
                1.0,
                0.0,
                0.0
            ],
            [
                0.0,
                0.0,
                0.0,
                1.0
            ]
        ],
        "height": 500,
        "intrinsics": {
            "cx": 250.0,
            "cy": 250.0,
            "fx": 603.5535278320312,
            "fy": 603.5535278320312
        },
        "location_world": [
            0.0,
            0.0,
            0.0
        ],
        "quaternion_world_xyzw": [
            0.5,
            -0.5,
            -0.5,
            0.5
        ],
        "width": 500
    },
    "objects": [
        {
            "bounding_box_minx_maxx_miny_maxy": [
                -1,
                -1,
                -1,
                -1
            ],
            "class": "Perricone",
            "local_cuboid": null,
            "local_to_world_matrix": [
                [
                    -0.5375584363937378,
                    0.8391647934913635,
                    -0.08266443014144897,
                    0.0
                ],
                [
                    0.6870898604393005,
                    0.4927405118942261,
                    0.5339610576629639,
                    0.0
                ],
                [
                    0.4888134002685547,
                    0.23023733496665955,
                    -0.8414583206176758,
                    0.0
                ],
                [
                    1.793007254600525,
                    0.1937282681465149,
                    0.4326254725456238,
                    1.0
                ]
            ],
            "location": [
                -0.1937282681465149,
                0.4326254725456238,
                -1.793007254600525
            ],
            "location_world": [
                1.793007254600525,
                0.1937282681465149,
                0.4326254725456238
            ],
            "name": "google_Perricone_MD_Photo_Plasma_0",
            "projected_cuboid": [
                [
                    167.2813594341278,
                    141.5242999792099
                ],
                [
                    158.74552726745605,
                    132.73361325263977
                ],
                [
                    164.28932547569275,
                    99.52595829963684
                ],
                [
                    173.219233751297,
                    107.72131383419037
                ],
                [
                    198.79770278930664,
                    142.00593531131744
                ],
                [
                    189.7728443145752,
                    133.46779346466064
                ],
                [
                    196.00915908813477,
                    101.30532085895538
                ],
                [
                    205.44688403606415,
                    109.28580164909363
                ],
                [
                    181.84427917003632,
                    121.13620340824127
                ]
            ],
            "provenance": "visii",
            "quaternion_xyzw": [
                -0.17006438970565796,
                0.8458633422851562,
                -0.45177161693573,
                -0.22692662477493286
            ],
            "quaternion_xyzw_world": [
                0.4503219723701477,
                0.8473129868507385,
                0.22547699511051178,
                0.16861474514007568
            ],
            "segmentation_id": 1,
            "visibility": 0
        },
        {
            "bounding_box_minx_maxx_miny_maxy": [
                -1,
                -1,
                -1,
                -1
            ],
            "class": "Glycerin",
            "local_cuboid": null,
            "local_to_world_matrix": [
                [
                    0.7540109157562256,
                    0.028196051716804504,
                    0.6562564969062805,
                    0.0
                ],
                [
                    0.4802129864692688,
                    -0.7053340673446655,
                    -0.5214396715164185,
                    0.0
                ],
                [
                    0.4481775164604187,
                    0.708314061164856,
                    -0.5453697443008423,
                    0.0
                ],
                [
                    0.2920266091823578,
                    0.21033157408237457,
                    0.4744773209095001,
                    1.0
                ]
            ],
            "location": [
                -0.21033157408237457,
                0.4744773209095001,
                -0.2920266091823578
            ],
            "location_world": [
                0.2920266091823578,
                0.21033157408237457,
                0.4744773209095001
            ],
            "name": "google_Glycerin_11_Color_BrllntBluSkydvrSlvrBlckWht_Size_80_1",
            "projected_cuboid": [
                [
                    -522.7986574172974,
                    -714.5844101905823
                ],
                [
                    -7.176250219345093,
                    -211.18715405464172
                ],
                [
                    96.27796709537506,
                    -388.72814178466797
                ],
                [
                    -480.9885621070862,
                    -1106.8843603134155
                ],
                [
                    -811.7307424545288,
                    -883.7617635726929
                ],
                [
                    -62.795817852020264,
                    -195.9863007068634
                ],
                [
                    59.26482379436493,
                    -420.7378625869751
                ],
                [
                    -849.5919704437256,
                    -1539.5704507827759
                ],
                [
                    -233.93362760543823,
                    -568.7549710273743
                ]
            ],
            "provenance": "visii",
            "quaternion_xyzw": [
                0.6966744661331177,
                0.4886035919189453,
                -0.5247519016265869,
                0.023381352424621582
            ],
            "quaternion_xyzw_world": [
                0.8667056560516357,
                0.14664985239505768,
                0.31857240200042725,
                -0.35472071170806885
            ],
            "segmentation_id": 2,
            "visibility": 0
        },
        {
            "bounding_box_minx_maxx_miny_maxy": [
                141,
                379,
                1,
                207
            ],
            "class": "Jansport",
            "local_cuboid": null,
            "local_to_world_matrix": [
                [
                    -0.2459120750427246,
                    0.9685488939285278,
                    -0.03795143961906433,
                    0.0
                ],
                [
                    0.6973930597305298,
                    0.14960229396820068,
                    -0.7009009122848511,
                    0.0
                ],
                [
                    -0.6731791496276855,
                    -0.19882705807685852,
                    -0.7122483253479004,
                    0.0
                ],
                [
                    1.15260648727417,
                    0.02795201539993286,
                    0.4618217349052429,
                    1.0
                ]
            ],
            "location": [
                -0.02795201539993286,
                0.4618217349052429,
                -1.15260648727417
            ],
            "location_world": [
                1.15260648727417,
                0.02795201539993286,
                0.4618217349052429
            ],
            "name": "google_Jansport_School_Backpack_Blue_Streak_2",
            "projected_cuboid": [
                [
                    163.13514113426208,
                    12.051373720169067
                ],
                [
                    151.45795047283173,
                    243.5099333524704
                ],
                [
                    132.34925270080566,
                    92.00030565261841
                ],
                [
                    135.46088337898254,
                    -109.25579071044922
                ],
                [
                    444.5035457611084,
                    28.586477041244507
                ],
                [
                    363.3110821247101,
                    236.09448969364166
                ],
                [
                    298.0644702911377,
                    96.30818665027618
                ],
                [
                    340.9420847892761,
                    -87.31061220169067
                ],
                [
                    252.1815001964569,
                    67.65657663345337
                ]
            ],
            "provenance": "visii",
            "quaternion_xyzw": [
                -0.12162734568119049,
                0.38550901412963867,
                -0.914142906665802,
                -0.03053431212902069
            ],
            "quaternion_xyzw_world": [
                0.5737451314926147,
                0.7259067893028259,
                -0.30986347794532776,
                -0.21877042949199677
            ],
            "segmentation_id": 3,
            "visibility": 1
        },
        {
            "bounding_box_minx_maxx_miny_maxy": [
                -1,
                -1,
                -1,
                -1
            ],
            "class": "Mario",
            "local_cuboid": null,
            "local_to_world_matrix": [
                [
                    0.041505396366119385,
                    -0.9940296411514282,
                    0.10090738534927368,
                    0.0
                ],
                [
                    0.11441755294799805,
                    0.10505872964859009,
                    0.9878619909286499,
                    0.0
                ],
                [
                    -0.9925653338432312,
                    -0.029456019401550293,
                    0.11809498071670532,
                    0.0
                ],
                [
                    1.7680784463882446,
                    0.06591381132602692,
                    0.554008960723877,
                    1.0
                ]
            ],
            "location": [
                -0.06591381132602692,
                0.554008960723877,
                -1.7680784463882446
            ],
            "location_world": [
                1.7680784463882446,
                0.06591381132602692,
                0.554008960723877
            ],
            "name": "google_Mario_Luigi_Dream_Team_Nintendo_3DS_Game_3",
            "projected_cuboid": [
                [
                    253.22285294532776,
                    76.95649564266205
                ],
                [
                    248.69315326213837,
                    36.016494035720825
                ],
                [
                    248.5422044992447,
                    38.614705204963684
                ],
                [
                    253.02916765213013,
                    79.20058071613312
                ],
                [
                    205.88287711143494,
                    81.1963677406311
                ],
                [
                    201.72442495822906,
                    40.08883237838745
                ],
                [
                    202.00134813785553,
                    42.658209800720215
                ],
                [
                    206.12382888793945,
                    83.40871334075928
                ],
                [
                    227.43183374404907,
                    59.686630964279175
                ]
            ],
            "provenance": "visii",
            "quaternion_xyzw": [
                -0.05831460654735565,
                0.01779724657535553,
                0.05165672302246094,
                0.996802031993866
            ],
            "quaternion_xyzw_world": [
                0.45231395959854126,
                -0.4861734211444855,
                -0.4928313195705414,
                0.562285304069519
            ],
            "segmentation_id": 4,
            "visibility": 0
        },
        {
            "bounding_box_minx_maxx_miny_maxy": [
                -1,
                -1,
                -1,
                -1
            ],
            "class": "INTERNATIONAL",
            "local_cuboid": null,
            "local_to_world_matrix": [
                [
                    -0.0027501583099365234,
                    0.6261699199676514,
                    -0.7796816825866699,
                    0.0
                ],
                [
                    0.06728231906890869,
                    0.7780337333679199,
                    0.624609112739563,
                    0.0
                ],
                [
                    0.9977301359176636,
                    -0.05074101686477661,
                    -0.04426980018615723,
                    0.0
                ],
                [
                    0.12783561646938324,
                    -0.11566396057605743,
                    -0.3075193762779236,
                    1.0
                ]
            ],
            "location": [
                0.11566396057605743,
                -0.3075193762779236,
                -0.12783561646938324
            ],
            "location_world": [
                0.12783561646938324,
                -0.11566396057605743,
                -0.3075193762779236
            ],
            "name": "google_INTERNATIONAL_PAPER_Willamette_4_Brown_Bag_500Count_4",
            "projected_cuboid": [
                [
                    573.0227828025818,
                    1413.7827157974243
                ],
                [
                    113.98415267467499,
                    988.408625125885
                ],
                [
                    -56.744903326034546,
                    1717.1916961669922
                ],
                [
                    916.0434603691101,
                    2747.9522228240967
                ],
                [
                    966.2613868713379,
                    919.6463227272034
                ],
                [
                    483.8036298751831,
                    526.3944268226624
                ],
                [
                    690.6800270080566,
                    780.6387543678284
                ],
                [
                    1765.7138109207153,
                    1669.3047285079956
                ],
                [
                    613.7829422950745,
                    1194.4420337677002
                ]
            ],
            "provenance": "visii",
            "quaternion_xyzw": [
                -0.43213164806365967,
                0.9011810421943665,
                -0.030946090817451477,
                0.013313338160514832
            ],
            "quaternion_xyzw_world": [
                0.25665441155433655,
                0.6754727363586426,
                0.21239498257637024,
                0.6578399538993835
            ],
            "segmentation_id": 5,
            "visibility": 0
        },
        {
            "bounding_box_minx_maxx_miny_maxy": [
                183,
                307,
                370,
                500
            ],
            "class": "LEGO",
            "local_cuboid": null,
            "local_to_world_matrix": [
                [
                    -0.8817427158355713,
                    0.46541211009025574,
                    -0.07695019245147705,
                    0.0
                ],
                [
                    0.17802783846855164,
                    0.17724573612213135,
                    -0.967930793762207,
                    0.0
                ],
                [
                    -0.43684762716293335,
                    -0.867165207862854,
                    -0.23914146423339844,
                    0.0
                ],
                [
                    1.6108442544937134,
                    0.07657529413700104,
                    -0.5096712708473206,
                    1.0
                ]
            ],
            "location": [
                -0.07657529413700104,
                -0.5096712708473206,
                -1.6108442544937134
            ],
            "location_world": [
                1.6108442544937134,
                0.07657529413700104,
                -0.5096712708473206
            ],
            "name": "google_LEGO_5887_Dino_Defense_HQ_5",
            "projected_cuboid": [
                [
                    286.1790060997009,
                    445.96022367477417
                ],
                [
                    256.3421428203583,
                    590.4675722122192
                ],
                [
                    160.36224365234375,
                    537.0066165924072
                ],
                [
                    183.39112401008606,
                    402.12559700012207
                ],
                [
                    354.0675938129425,
                    386.1883878707886
                ],
                [
                    328.7028670310974,
                    499.35638904571533
                ],
                [
                    249.06577169895172,
                    463.19520473480225
                ],
                [
                    270.01282572746277,
                    356.06977343559265
                ],
                [
                    264.1741931438446,
                    456.17908239364624
                ]
            ],
            "provenance": "visii",
            "quaternion_xyzw": [
                -0.5161567330360413,
                0.1231195330619812,
                -0.8470817804336548,
                -0.029600322246551514
            ],
            "quaternion_xyzw_world": [
                0.212222158908844,
                0.7579792141914368,
                -0.605259358882904,
                -0.11870294064283371
            ],
            "segmentation_id": 6,
            "visibility": 1
        },
        {
            "bounding_box_minx_maxx_miny_maxy": [
                -1,
                -1,
                -1,
                -1
            ],
            "class": "Mens",
            "local_cuboid": null,
            "local_to_world_matrix": [
                [
                    0.7568455338478088,
                    0.5788306593894958,
                    -0.3035457730293274,
                    0.0
                ],
                [
                    -0.1400330513715744,
                    0.5972472429275513,
                    0.7897384166717529,
                    0.0
                ],
                [
                    0.638416588306427,
                    -0.5552035570144653,
                    0.5330792665481567,
                    0.0
                ],
                [
                    0.15508359670639038,
                    0.39238443970680237,
                    0.38972797989845276,
                    1.0
                ]
            ],
            "location": [
                -0.39238443970680237,
                0.38972797989845276,
                -0.15508359670639038
            ],
            "location_world": [
                0.15508359670639038,
                0.39238443970680237,
                0.38972797989845276
            ],
            "name": "google_Mens_ASV_Shock_Light_Bungee_in_Light_Grey_xGCOvtLDnQJ_6",
            "projected_cuboid": [
                [
                    -314.73463773727417,
                    -419.4967746734619
                ],
                [
                    -818.4008598327637,
                    -1073.0972290039062
                ],
                [
                    -1501.0244846343994,
                    -1424.0427017211914
                ],
                [
                    -694.520115852356,
                    -477.1912693977356
                ],
                [
                    -354.69621419906616,
                    -772.6778984069824
                ],
                [
                    -1109.316349029541,
                    -1823.46773147583
                ],
                [
                    -2612.316846847534,
                    -3075.434684753418
                ],
                [
                    -986.2390756607056,
                    -1062.6853704452515
                ],
                [
                    -877.002477645874,
                    -1069.4619417190552
                ]
            ],
            "provenance": "visii",
            "quaternion_xyzw": [
                -0.2597343921661377,
                0.8670331239700317,
                0.1940850019454956,
                0.378315806388855
            ],
            "quaternion_xyzw_world": [
                0.3957647681236267,
                0.2771833539009094,
                0.21153399348258972,
                0.84958416223526
            ],
            "segmentation_id": 7,
            "visibility": 0
        },
        {
            "bounding_box_minx_maxx_miny_maxy": [
                -1,
                -1,
                -1,
                -1
            ],
            "class": "Twinlab",
            "local_cuboid": null,
            "local_to_world_matrix": [
                [
                    -0.7378847599029541,
                    -0.6640810966491699,
                    0.12050877511501312,
                    0.0
                ],
                [
                    0.3835841417312622,
                    -0.5595376491546631,
                    -0.7346978187561035,
                    0.0
                ],
                [
                    0.5553280711174011,
                    -0.4958970844745636,
                    0.6676052808761597,
                    0.0
                ],
                [
                    0.34260475635528564,
                    0.0077565875835716724,
                    -0.47858554124832153,
                    1.0
                ]
            ],
            "location": [
                -0.0077565875835716724,
                -0.47858554124832153,
                -0.34260475635528564
            ],
            "location_world": [
                0.34260475635528564,
                0.0077565875835716724,
                -0.47858554124832153
            ],
            "name": "google_Twinlab_100_Whey_Protein_Fuel_Chocolate_7",
            "projected_cuboid": [
                [
                    445.9523558616638,
                    612.3930811882019
                ],
                [
                    535.8669757843018,
                    716.6483402252197
                ],
                [
                    420.1852083206177,
                    1261.5798711776733
                ],
                [
                    252.06077098846436,
                    1227.388620376587
                ],
                [
                    278.26714515686035,
                    552.5406002998352
                ],
                [
                    367.47246980667114,
                    641.8853998184204
                ],
                [
                    226.9948571920395,
                    1014.3245458602905
                ],
                [
                    80.4481953382492,
                    950.7867097854614
                ],
                [
                    332.08411931991577,
                    821.4164972305298
                ]
            ],
            "provenance": "visii",
            "quaternion_xyzw": [
                0.8593758344650269,
                0.19783151149749756,
                0.35891807079315186,
                -0.30580028891563416
            ],
            "quaternion_xyzw_world": [
                0.1962444931268692,
                -0.3573310077190399,
                0.8609628081321716,
                -0.3042132556438446
            ],
            "segmentation_id": 8,
            "visibility": 0
        },
        {
            "bounding_box_minx_maxx_miny_maxy": [
                -1,
                -1,
                -1,
                -1
            ],
            "class": "Timberland",
            "local_cuboid": null,
            "local_to_world_matrix": [
                [
                    0.19597411155700684,
                    -0.8612040877342224,
                    -0.4689579904079437,
                    0.0
                ],
                [
                    -0.9412402510643005,
                    -0.2993471622467041,
                    0.1563900113105774,
                    0.0
                ],
                [
                    -0.27506503462791443,
                    0.4107537865638733,
                    -0.8692643642425537,
                    0.0
                ],
                [
                    0.678421139717102,
                    -0.4327199459075928,
                    -0.11601775139570236,
                    1.0
                ]
            ],
            "location": [
                0.4327199459075928,
                -0.11601775139570236,
                -0.678421139717102
            ],
            "location_world": [
                0.678421139717102,
                -0.4327199459075928,
                -0.11601775139570236
            ],
            "name": "google_Timberland_Mens_Earthkeepers_Stormbuck_Chukka_8",
            "projected_cuboid": [
                [
                    541.9062972068787,
                    451.0071277618408
                ],
                [
                    814.1512870788574,
                    507.6804757118225
                ],
                [
                    833.8457942008972,
                    381.20418787002563
                ],
                [
                    565.1764869689941,
                    370.4954981803894
                ],
                [
                    474.92238879203796,
                    415.7252609729767
                ],
                [
                    720.0487852096558,
                    454.2064368724823
                ],
                [
                    746.3067173957825,
                    325.63358545303345
                ],
                [
                    501.4547109603882,
                    334.40250158309937
                ],
                [
                    622.5810050964355,
                    401.52356028556824
                ]
            ],
            "provenance": "visii",
            "quaternion_xyzw": [
                0.59786057472229,
                -0.0709240511059761,
                -0.2537079453468323,
                0.7570764422416687
            ],
            "quaternion_xyzw_world": [
                0.7688604593276978,
                -0.586076557636261,
                -0.24192394316196442,
                -0.08270803838968277
            ],
            "segmentation_id": 9,
            "visibility": 0
        },
        {
            "bounding_box_minx_maxx_miny_maxy": [
                -1,
                -1,
                -1,
                -1
            ],
            "class": "Nescafe",
            "local_cuboid": null,
            "local_to_world_matrix": [
                [
                    0.8558568358421326,
                    0.5085019469261169,
                    -0.09452414512634277,
                    0.0
                ],
                [
                    0.17569422721862793,
                    -0.11394405364990234,
                    0.9778283834457397,
                    0.0
                ],
                [
                    0.4864571690559387,
                    -0.8534884452819824,
                    -0.18686068058013916,
                    0.0
                ],
                [
                    1.6442651748657227,
                    0.045220185071229935,
                    0.6505777835845947,
                    1.0
                ]
            ],
            "location": [
                -0.045220185071229935,
                0.6505777835845947,
                -1.6442651748657227
            ],
            "location_world": [
                1.6442651748657227,
                0.045220185071229935,
                0.6505777835845947
            ],
            "name": "google_Nescafe_Tasters_Choice_Instant_Coffee_Decaf_House_Blend_Light_7_oz_9",
            "projected_cuboid": [
                [
                    278.69996428489685,
                    54.71500754356384
                ],
                [
                    281.53228759765625,
                    30.01067042350769
                ],
                [
                    226.6903966665268,
                    5.892351269721985
                ],
                [
                    223.25079143047333,
                    31.726285815238953
                ],
                [
                    297.73998260498047,
                    41.837528347969055
                ],
                [
                    300.55445432662964,
                    16.03415608406067
                ],
                [
                    243.95611882209778,
                    -10.110646486282349
                ],
                [
                    240.48849940299988,
                    16.925588250160217
                ],
                [
                    262.1471881866455,
                    23.83054792881012
                ]
            ],
            "provenance": "visii",
            "quaternion_xyzw": [
                0.0056316182017326355,
                0.862088680267334,
                -0.10513848066329956,
                0.4956987798213959
            ],
            "quaternion_xyzw_world": [
                0.7342787981033325,
                0.23294836282730103,
                0.1334414929151535,
                0.6235086917877197
            ],
            "segmentation_id": 10,
            "visibility": 0
        },
        {
            "bounding_box_minx_maxx_miny_maxy": [
                472,
                499,
                306,
                396
            ],
            "class": "Remington",
            "local_cuboid": null,
            "local_to_world_matrix": [
                [
                    0.3388662338256836,
                    -0.7218976616859436,
                    -0.6033517718315125,
                    0.0
                ],
                [
                    -0.609932005405426,
                    0.31971657276153564,
                    -0.7250959873199463,
                    0.0
                ],
                [
                    0.7163466811180115,
                    0.6137140989303589,
                    -0.3319673538208008,
                    0.0
                ],
                [
                    1.8133623600006104,
                    -0.7307896614074707,
                    -0.28693443536758423,
                    1.0
                ]
            ],
            "location": [
                0.7307896614074707,
                -0.28693443536758423,
                -1.8133623600006104
            ],
            "location_world": [
                1.8133623600006104,
                -0.7307896614074707,
                -0.28693443536758423
            ],
            "name": "google_Remington_TStudio_Silk_Ceramic_Hair_Straightener_2_Inch_Floating_Plates_10",
            "projected_cuboid": [
                [
                    491.47751927375793,
                    321.6875195503235
                ],
                [
                    483.215868473053,
                    408.7434411048889
                ],
                [
                    503.64577770233154,
                    405.4500162601471
                ],
                [
                    510.0301504135132,
                    316.60011410713196
                ],
                [
                    468.8167870044708,
                    299.9241352081299
                ],
                [
                    457.7955901622772,
                    386.62388920783997
                ],
                [
                    478.0232906341553,
                    382.63145089149475
                ],
                [
                    487.2154891490936,
                    294.17943954467773
                ],
                [
                    485.27413606643677,
                    349.7870862483978
                ]
            ],
            "provenance": "visii",
            "quaternion_xyzw": [
                -0.889289140701294,
                0.25949615240097046,
                0.26779264211654663,
                -0.26478999853134155
            ],
            "quaternion_xyzw_world": [
                -0.5811877846717834,
                0.5728912949562073,
                -0.048605162650346756,
                0.5758939385414124
            ],
            "segmentation_id": 11,
            "visibility": 1
        },
        {
            "bounding_box_minx_maxx_miny_maxy": [
                -1,
                -1,
                -1,
                -1
            ],
            "class": "Predito",
            "local_cuboid": null,
            "local_to_world_matrix": [
                [
                    -0.1949690580368042,
                    0.956143319606781,
                    -0.21857957541942596,
                    0.0
                ],
                [
                    0.8863739371299744,
                    0.2671772837638855,
                    0.3780972361564636,
                    0.0
                ],
                [
                    0.4199146628379822,
                    -0.12002597749233246,
                    -0.8995919227600098,
                    0.0
                ],
                [
                    0.23722614347934723,
                    -0.36567503213882446,
                    0.5101360082626343,
                    1.0
                ]
            ],
            "location": [
                0.36567503213882446,
                0.5101360082626343,
                -0.23722614347934723
            ],
            "location_world": [
                0.23722614347934723,
                -0.36567503213882446,
                0.5101360082626343
            ],
            "name": "google_Predito_LZ_TRX_FG_W_11",
            "projected_cuboid": [
                [
                    1647.6582288742065,
                    -1068.2642459869385
                ],
                [
                    713.900089263916,
                    -441.1766529083252
                ],
                [
                    753.9740204811096,
                    -714.060366153717
                ],
                [
                    2162.04833984375,
                    -2164.6358966827393
                ],
                [
                    1803.8476705551147,
                    -1004.1155815124512
                ],
                [
                    822.3379254341125,
                    -440.5452013015747
                ],
                [
                    874.6239542961121,
                    -699.94056224823
                ],
                [
                    2304.8014640808105,
                    -1927.8550148010254
                ],
                [
                    1111.6628646850586,
                    -812.8809928894043
                ]
            ],
            "provenance": "visii",
            "quaternion_xyzw": [
                -0.1463506817817688,
                0.8297823667526245,
                -0.5380825996398926,
                -0.022579114884138107
            ],
            "quaternion_xyzw_world": [
                0.5994675755500793,
                0.7683973908424377,
                0.08396413177251816,
                0.20773568749427795
            ],
            "segmentation_id": 12,
            "visibility": 0
        },
        {
            "bounding_box_minx_maxx_miny_maxy": [
                0,
                89,
                1,
                113
            ],
            "class": "Fresca",
            "local_cuboid": null,
            "local_to_world_matrix": [
                [
                    0.48222678899765015,
                    0.7430920600891113,
                    0.46397361159324646,
                    0.0
                ],
                [
                    0.7857697010040283,
                    -0.13272607326507568,
                    -0.6041107773780823,
                    0.0
                ],
                [
                    -0.38732853531837463,
                    0.6558948159217834,
                    -0.6479032039642334,
                    0.0
                ],
                [
                    1.389302372932434,
                    0.5066750049591064,
                    0.5075497031211853,
                    1.0
                ]
            ],
            "location": [
                -0.5066750049591064,
                0.5075497031211853,
                -1.389302372932434
            ],
            "location_world": [
                1.389302372932434,
                0.5066750049591064,
                0.5075497031211853
            ],
            "name": "google_Fresca_Peach_Citrus_Sparkling_Flavored_Soda_12_PK_12",
            "projected_cuboid": [
                [
                    -78.67482304573059,
                    5.252018570899963
                ],
                [
                    -47.044187784194946,
                    57.31344223022461
                ],
                [
                    -4.092216491699219,
                    30.713483691215515
                ],
                [
                    -31.32838010787964,
                    -21.557867527008057
                ],
                [
                    21.070659160614014,
                    60.97501516342163
                ],
                [
                    49.06471073627472,
                    116.22641980648041
                ],
                [
                    94.70781683921814,
                    83.53976905345917
                ],
                [
                    71.89832627773285,
                    27.634933590888977
                ],
                [
                    6.845131516456604,
                    43.86699199676514
                ]
            ],
            "provenance": "visii",
            "quaternion_xyzw": [
                0.34412580728530884,
                0.43348953127861023,
                -0.826820969581604,
                -0.10015697777271271
            ],
            "quaternion_xyzw_world": [
                0.7521396279335022,
                0.5081708431243896,
                0.02547568641602993,
                -0.4188070595264435
            ],
            "segmentation_id": 13,
            "visibility": 1
        },
