{
    "camera_data": {
        "camera_look_at": {
            "at": [
                1.0,
                0.0,
                0.0
            ],
            "eye": [
                0.0,
                0.0,
                0.0
            ],
            "up": [
                0.0,
                0.0,
                1.0
            ]
        },
        "camera_view_matrix": [
            [
                0.0,
                0.0,
                -1.0,
                0.0
            ],
            [
                -1.0,
                0.0,
                0.0,
                0.0
            ],
            [
                0.0,
                1.0,
                0.0,
                0.0
            ],
            [
                0.0,
                0.0,
                0.0,
                1.0
            ]
        ],
        "height": 500,
        "intrinsics": {
            "cx": 250.0,
            "cy": 250.0,
            "fx": 603.5535278320312,
            "fy": 603.5535278320312
        },
        "location_world": [
            0.0,
            0.0,
            0.0
        ],
        "quaternion_world_xyzw": [
            0.5,
            -0.5,
            -0.5,
            0.5
        ],
        "width": 500
    },
    "objects": [
        {
            "bounding_box_minx_maxx_miny_maxy": [
                -1,
                -1,
                -1,
                -1
            ],
            "class": "Perricone",
            "local_cuboid": null,
            "local_to_world_matrix": [
                [
                    -0.4174243211746216,
                    0.8827447891235352,
                    0.21568146347999573,
                    0.0
                ],
                [
                    -0.7580395936965942,
                    -0.46915340423583984,
                    0.4530685842037201,
                    0.0
                ],
                [
                    0.5011316537857056,
                    0.025626778602600098,
                    0.8649915456771851,
                    0.0
                ],
                [
                    1.6190104484558105,
                    0.2891991436481476,
                    0.45771485567092896,
                    1.0
                ]
            ],
            "location": [
                -0.2891991436481476,
                0.45771485567092896,
                -1.6190104484558105
            ],
            "location_world": [
                1.6190104484558105,
                0.2891991436481476,
                0.45771485567092896
            ],
            "name": "google_Perricone_MD_Photo_Plasma_0",
            "projected_cuboid": [
                [
                    122.48781323432922,
                    53.609639406204224
                ],
                [
                    129.97256219387054,
                    36.66059672832489
                ],
                [
                    126.98960304260254,
                    64.37654793262482
                ],
                [
                    119.35296654701233,
                    81.03051781654358
                ],
                [
                    158.5729420185089,
                    66.67357683181763
                ],
                [
                    166.92838072776794,
                    50.56002736091614
                ],
                [
                    165.22948443889618,
                    77.97086238861084
                ],
                [
                    156.66061639785767,
                    93.7798023223877
                ],
                [
                    143.48290860652924,
                    65.57610630989075
                ]
            ],
            "provenance": "visii",
            "quaternion_xyzw": [
                0.2032967209815979,
                0.8421616554260254,
                0.48180508613586426,
                -0.13152199983596802
            ],
            "quaternion_xyzw_world": [
                0.2160656452178955,
                0.14429092407226562,
                0.8293927311897278,
                0.49457401037216187
            ],
            "segmentation_id": 1,
            "visibility": 0
        },
        {
            "bounding_box_minx_maxx_miny_maxy": [
                -1,
                -1,
                -1,
                -1
            ],
            "class": "Glycerin",
            "local_cuboid": null,
            "local_to_world_matrix": [
                [
                    -0.008160591125488281,
                    -0.8034997582435608,
                    0.5952490568161011,
                    0.0
                ],
                [
                    0.9980019927024841,
                    -0.04384028911590576,
                    -0.04549586772918701,
                    0.0
                ],
                [
                    0.06265184283256531,
                    0.5936885476112366,
                    0.8022522330284119,
                    0.0
                ],
                [
                    0.3300819993019104,
                    0.27230584621429443,
                    0.3080539107322693,
                    1.0
                ]
            ],
            "location": [
                -0.27230584621429443,
                0.3080539107322693,
                -0.3300819993019104
            ],
            "location_world": [
                0.3300819993019104,
                0.27230584621429443,
                0.3080539107322693
            ],
            "name": "google_Glycerin_11_Color_BrllntBluSkydvrSlvrBlckWht_Size_80_1",
            "projected_cuboid": [
                [
                    -761.9315385818481,
                    -1242.8100109100342
                ],
                [
                    -117.19655990600586,
                    -298.8922595977783
                ],
                [
                    -22.55427837371826,
                    -171.9338297843933
                ],
                [
                    -535.8276963233948,
                    -943.2979822158813
                ],
                [
                    -1067.548394203186,
                    -1004.670262336731
                ],
                [
                    -234.72699522972107,
                    -210.18967032432556
                ],
                [
                    -142.350435256958,
                    -81.9229781627655
                ],
                [
                    -857.2828769683838,
                    -695.4246759414673
                ],
                [
                    -314.59903717041016,
                    -404.6589732170105
                ]
            ],
            "provenance": "visii",
            "quaternion_xyzw": [
                -0.6913117170333862,
                -0.23111477494239807,
                0.21174529194831848,
                0.6510283946990967
            ],
            "quaternion_xyzw_world": [
                -0.24157166481018066,
                -0.2012883871793747,
                -0.6808547973632812,
                0.6614853143692017
            ],
            "segmentation_id": 2,
            "visibility": 0
        },
        {
            "bounding_box_minx_maxx_miny_maxy": [
                0,
                192,
                1,
                133
            ],
            "class": "Jansport",
            "local_cuboid": null,
            "local_to_world_matrix": [
                [
                    0.8466522097587585,
                    0.10778920352458954,
                    -0.5211156606674194,
                    0.0
                ],
                [
                    0.009645655751228333,
                    -0.9822183847427368,
                    -0.1874939352273941,
                    0.0
                ],
                [
                    -0.5320591926574707,
                    0.15371565520763397,
                    -0.8326370716094971,
                    0.0
                ],
                [
                    1.1003344058990479,
                    0.24888259172439575,
                    0.6111658215522766,
                    1.0
                ]
            ],
            "location": [
                -0.24888259172439575,
                0.6111658215522766,
                -1.1003344058990479
            ],
            "location_world": [
                1.1003344058990479,
                0.24888259172439575,
                0.6111658215522766
            ],
            "name": "google_Jansport_School_Backpack_Blue_Streak_2",
            "projected_cuboid": [
                [
                    -53.60749363899231,
                    144.4576382637024
                ],
                [
                    160.07333993911743,
                    185.41142344474792
                ],
                [
                    209.0430110692978,
                    22.375479340553284
                ],
                [
                    35.203784704208374,
                    -11.429667472839355
                ],
                [
                    -148.53385090827942,
                    -55.23034930229187
                ],
                [
                    154.6219289302826,
                    3.761574625968933
                ],
                [
                    220.34817934036255,
                    -166.3798689842224
                ],
                [
                    -8.422255516052246,
                    -211.57750487327576
                ],
                [
                    78.88580858707428,
                    -5.872845649719238
                ]
            ],
            "provenance": "visii",
            "quaternion_xyzw": [
                0.37001538276672363,
                0.31154298782348633,
                -0.675896167755127,
                0.5560521483421326
            ],
            "quaternion_xyzw_world": [
                0.9567533135414124,
                0.030685773119330406,
                -0.2751949727535248,
                -0.08915819227695465
            ],
            "segmentation_id": 3,
            "visibility": 1
        },
        {
            "bounding_box_minx_maxx_miny_maxy": [
                257,
                282,
                140,
                179
            ],
            "class": "Mario",
            "local_cuboid": null,
            "local_to_world_matrix": [
                [
                    0.4716224670410156,
                    0.8644163012504578,
                    0.17423167824745178,
                    0.0
                ],
                [
                    0.23842531442642212,
                    0.06522119045257568,
                    -0.9689682722091675,
                    0.0
                ],
                [
                    -0.8489556312561035,
                    0.49852848052978516,
                    -0.1753389835357666,
                    0.0
                ],
                [
                    1.876352071762085,
                    -0.0914505124092102,
                    0.275097519159317,
                    1.0
                ]
            ],
            "location": [
                0.0914505124092102,
                0.275097519159317,
                -1.876352071762085
            ],
            "location_world": [
                1.876352071762085,
                -0.0914505124092102,
                0.275097519159317
            ],
            "name": "google_Mario_Luigi_Dream_Team_Nintendo_3DS_Game_3",
            "projected_cuboid": [
                [
                    259.0283751487732,
                    139.30204510688782
                ],
                [
                    256.30804896354675,
                    179.3515682220459
                ],
                [
                    258.8100731372833,
                    178.96337807178497
                ],
                [
                    261.5499794483185,
                    139.2001211643219
                ],
                [
                    298.8661229610443,
                    143.3124840259552
                ],
                [
                    295.40595412254333,
                    184.70463156700134
                ],
                [
                    297.70445823669434,
                    184.26311016082764
                ],
                [
                    301.1760115623474,
                    143.17667484283447
                ],
                [
                    278.2568633556366,
                    161.6552472114563
                ]
            ],
            "provenance": "visii",
            "quaternion_xyzw": [
                -0.2527827024459839,
                -0.10781049728393555,
                0.9594712257385254,
                0.06239187717437744
            ],
            "quaternion_xyzw_world": [
                -0.6288362741470337,
                -0.43844544887542725,
                0.26824307441711426,
                0.5834176540374756
            ],
            "segmentation_id": 4,
            "visibility": 1
        },
        {
            "bounding_box_minx_maxx_miny_maxy": [
                186,
                499,
                311,
                500
            ],
            "class": "INTERNATIONAL",
            "local_cuboid": null,
            "local_to_world_matrix": [
                [
                    0.02384352684020996,
                    0.866776704788208,
                    -0.49812620878219604,
                    0.0
                ],
                [
                    -0.4631460905075073,
                    0.4511488080024719,
                    0.7628633975982666,
                    0.0
                ],
                [
                    0.8859612345695496,
                    0.21251583099365234,
                    0.4122011065483093,
                    0.0
                ],
                [
                    0.22152020037174225,
                    -0.16903026401996613,
                    -0.1912846565246582,
                    1.0
                ]
            ],
            "location": [
                0.16903026401996613,
                -0.1912846565246582,
                -0.22152020037174225
            ],
            "location_world": [
                0.22152020037174225,
                -0.16903026401996613,
                -0.1912846565246582
            ],
            "name": "google_INTERNATIONAL_PAPER_Willamette_4_Brown_Bag_500Count_4",
            "projected_cuboid": [
                [
                    369.7120249271393,
                    691.0618543624878
                ],
                [
                    176.1094331741333,
                    462.3681306838989
                ],
                [
                    229.43547368049622,
                    833.3848118782043
                ],
                [
                    485.08745431900024,
                    1005.959153175354
                ],
                [
                    723.8711714744568,
                    495.7161545753479
                ],
                [
                    675.6351590156555,
                    179.1779100894928
                ],
                [
                    1122.2319602966309,
                    343.5847759246826
                ],
                [
                    1000.0054836273193,
                    730.7320833206177
                ],
                [
                    580.0451636314392,
                    593.940258026123
                ]
            ],
            "provenance": "visii",
            "quaternion_xyzw": [
                -0.2531408667564392,
                0.9374968409538269,
                0.23342671990394592,
                -0.050312772393226624
            ],
            "quaternion_xyzw_world": [
                0.20030824840068817,
                0.503761887550354,
                0.4840477406978607,
                0.6868758201599121
            ],
            "segmentation_id": 5,
            "visibility": 1
        },
        {
            "bounding_box_minx_maxx_miny_maxy": [
                48,
                241,
                286,
                430
            ],
            "class": "LEGO",
            "local_cuboid": null,
            "local_to_world_matrix": [
                [
                    -0.457364559173584,
                    0.7529796361923218,
                    0.4731166958808899,
                    0.0
                ],
                [
                    -0.7937304973602295,
                    -0.585564374923706,
                    0.16463980078697205,
                    0.0
                ],
                [
                    0.4010106921195984,
                    -0.30022674798965454,
                    0.8654792308807373,
                    0.0
                ],
                [
                    1.3677055835723877,
                    0.2365238517522812,
                    -0.37540897727012634,
                    1.0
                ]
            ],
            "location": [
                -0.2365238517522812,
                -0.37540897727012634,
                -1.3677055835723877
            ],
            "location_world": [
                1.3677055835723877,
                0.2365238517522812,
                -0.37540897727012634
            ],
            "name": "google_LEGO_5887_Dino_Defense_HQ_5",
            "projected_cuboid": [
                [
                    73.70813190937042,
                    277.90558338165283
                ],
                [
                    133.5318237543106,
                    256.2674582004547
                ],
                [
                    80.96183836460114,
                    377.33709812164307
                ],
                [
                    26.96309983730316,
                    376.9177794456482
                ],
                [
                    214.08730745315552,
                    349.4702875614166
                ],
                [
                    292.12653636932373,
                    344.5666432380676
                ],
                [
                    260.0645124912262,
                    453.89601588249207
                ],
                [
                    182.4268251657486,
                    440.4762387275696
                ],
                [
                    161.20892763137817,
                    360.53919792175293
                ]
            ],
            "provenance": "visii",
            "quaternion_xyzw": [
                0.3476317524909973,
                0.7613524198532104,
                0.544823169708252,
                -0.05159822106361389
            ],
            "quaternion_xyzw_world": [
                0.25628137588500977,
                -0.039752114564180374,
                0.852702796459198,
                0.4534728229045868
            ],
            "segmentation_id": 6,
            "visibility": 1
        },
        {
            "bounding_box_minx_maxx_miny_maxy": [
                -1,
                -1,
                -1,
                -1
            ],
            "class": "Mens",
            "local_cuboid": null,
            "local_to_world_matrix": [
                [
                    0.7426753640174866,
                    -0.6336206793785095,
                    -0.21669834852218628,
                    0.0
                ],
                [
                    0.2381855696439743,
                    -0.052491188049316406,
                    0.9698001742362976,
                    0.0
                ],
                [
                    -0.6258602142333984,
                    -0.7718611359596252,
                    0.11193537712097168,
                    0.0
                ],
                [
                    0.18236775696277618,
                    0.48989707231521606,
                    0.3614271283149719,
                    1.0
                ]
            ],
            "location": [
                -0.48989707231521606,
                0.3614271283149719,
                -0.18236775696277618
            ],
            "location_world": [
                0.18236775696277618,
                0.48989707231521606,
                0.3614271283149719
            ],
            "name": "google_Mens_ASV_Shock_Light_Bungee_in_Light_Grey_xGCOvtLDnQJ_6",
            "projected_cuboid": [
                [
                    -1717.2136306762695,
                    -931.1195611953735
                ],
                [
                    -930.6581020355225,
                    -1409.1137647628784
                ],
                [
                    -805.2273988723755,
                    -901.1152982711792
                ],
                [
                    -1237.7084493637085,
                    -425.6552457809448
                ],
                [
                    -7443.459510803223,
                    -4062.208652496338
                ],
                [
                    -2243.283271789551,
                    -2829.8349380493164
                ],
                [
                    -1513.6487483978271,
                    -1499.929666519165
                ],
                [
                    -2712.261915206909,
                    -1052.8119802474976
                ],
                [
                    -1593.597650527954,
                    -1276.5333652496338
                ]
            ],
            "provenance": "visii",
            "quaternion_xyzw": [
                -0.09741709381341934,
                0.4214022159576416,
                -0.0748988687992096,
                0.8985100388526917
            ],
            "quaternion_xyzw_world": [
                0.648697018623352,
                -0.15239591896533966,
                -0.3247118890285492,
                0.6712152361869812
            ],
            "segmentation_id": 7,
            "visibility": 0
        },
        {
            "bounding_box_minx_maxx_miny_maxy": [
                -1,
                -1,
                -1,
                -1
            ],
            "class": "Twinlab",
            "local_cuboid": null,
            "local_to_world_matrix": [
                [
                    -0.7478059530258179,
                    -0.04911525547504425,
                    -0.662098228931427,
                    0.0
                ],
                [
                    -0.2036219984292984,
                    -0.9322320222854614,
                    0.2991347014904022,
                    0.0
                ],
                [
                    -0.6319212317466736,
                    0.35851243138313293,
                    0.6871276497840881,
                    0.0
                ],
                [
                    0.4442138671875,
                    -0.12236761301755905,
                    -0.5179360508918762,
                    1.0
                ]
            ],
            "location": [
                0.12236761301755905,
                -0.5179360508918762,
                -0.4442138671875
            ],
            "location_world": [
                0.4442138671875,
                -0.12236761301755905,
                -0.5179360508918762
            ],
            "name": "google_Twinlab_100_Whey_Protein_Fuel_Chocolate_7",
            "projected_cuboid": [
                [
                    149.5702564716339,
                    1306.8695068359375
                ],
                [
                    562.9501342773438,
                    1333.293080329895
                ],
                [
                    575.9984254837036,
                    1144.216537475586
                ],
                [
                    330.0474286079407,
                    1143.6150074005127
                ],
                [
                    169.77331042289734,
                    778.0215740203857
                ],
                [
                    434.2173635959625,
                    742.6729202270508
                ],
                [
                    487.2681498527527,
                    797.537088394165
                ],
                [
                    302.78822779655457,
                    818.3876276016235
                ],
                [
                    376.59379839897156,
                    964.4615054130554
                ]
            ],
            "provenance": "visii",
            "quaternion_xyzw": [
                0.17179881036281586,
                0.39309611916542053,
                0.5664961338043213,
                -0.7035927772521973
            ],
            "quaternion_xyzw_world": [
                -0.3525969684123993,
                0.17919698357582092,
                0.9174919128417969,
                0.04210029914975166
            ],
            "segmentation_id": 8,
            "visibility": 0
        },
        {
            "bounding_box_minx_maxx_miny_maxy": [
                -1,
                -1,
                -1,
                -1
            ],
            "class": "Timberland",
            "local_cuboid": null,
            "local_to_world_matrix": [
                [
                    0.16376984119415283,
                    -0.7798423171043396,
                    0.6041733026504517,
                    0.0
                ],
                [
                    -0.4278544783592224,
                    0.49569326639175415,
                    0.7557967901229858,
                    0.0
                ],
                [
                    -0.8888869285583496,
                    -0.3822749853134155,
                    -0.2524794340133667,
                    0.0
                ],
                [
                    0.25033923983573914,
                    -0.392318457365036,
                    -0.20199038088321686,
                    1.0
                ]
            ],
            "location": [
                0.392318457365036,
                -0.20199038088321686,
                -0.25033923983573914
            ],
            "location_world": [
                0.25033923983573914,
                -0.392318457365036,
                -0.20199038088321686
            ],
            "name": "google_Timberland_Mens_Earthkeepers_Stormbuck_Chukka_8",
            "projected_cuboid": [
                [
                    1761.096477508545,
                    1099.750280380249
                ],
                [
                    2931.4067363739014,
                    787.7779006958008
                ],
                [
                    1371.1614608764648,
                    411.52676939964294
                ],
                [
                    1200.8709907531738,
                    776.6544222831726
                ],
                [
                    1637.4320983886719,
                    1378.8838386535645
                ],
                [
                    2882.3180198669434,
                    1492.3375844955444
                ],
                [
                    1186.4032745361328,
                    663.2461547851562
                ],
                [
                    1084.912896156311,
                    942.6653385162354
                ],
                [
                    1507.601022720337,
                    907.2094559669495
                ]
            ],
            "provenance": "visii",
            "quaternion_xyzw": [
                0.18381962180137634,
                0.1475360095500946,
                0.29717329144477844,
                0.9252737164497375
            ],
            "quaternion_xyzw_world": [
                0.4797280430793762,
                -0.6293653249740601,
                -0.14837239682674408,
                0.5930817127227783
            ],
            "segmentation_id": 9,
            "visibility": 0
        },
        {
            "bounding_box_minx_maxx_miny_maxy": [
                -1,
                -1,
                -1,
                -1
            ],
            "class": "Nescafe",
            "local_cuboid": null,
            "local_to_world_matrix": [
                [
                    0.11568450927734375,
                    0.9594113826751709,
                    0.2571903467178345,
                    0.0
                ],
                [
                    -0.12486255168914795,
                    -0.2428286075592041,
                    0.9619998931884766,
                    0.0
                ],
                [
                    0.985406756401062,
                    -0.14340201020240784,
                    0.09170299768447876,
                    0.0
                ],
                [
                    1.5782110691070557,
                    0.29708802700042725,
                    0.7160419225692749,
                    1.0
                ]
            ],
            "location": [
                -0.29708802700042725,
                0.7160419225692749,
                -1.5782110691070557
            ],
            "location_world": [
                1.5782110691070557,
                0.29708802700042725,
                0.7160419225692749
            ],
            "name": "google_Nescafe_Tasters_Choice_Instant_Coffee_Decaf_House_Blend_Light_7_oz_9",
            "projected_cuboid": [
                [
                    138.7537717819214,
                    9.078189730644226
                ],
                [
                    144.7206288576126,
                    -18.38824152946472
                ],
                [
                    122.3350465297699,
                    -42.98895597457886
                ],
                [
                    115.82024395465851,
                    -12.205183506011963
                ],
                [
                    169.90137100219727,
                    16.084492206573486
                ],
                [
                    176.08243227005005,
                    -11.518150568008423
                ],
                [
                    157.19830989837646,
                    -35.49256920814514
                ],
                [
                    150.41857957839966,
                    -4.537254571914673
                ],
                [
                    147.41235971450806,
                    -11.845022439956665
                ]
            ],
            "provenance": "visii",
            "quaternion_xyzw": [
                0.1264866590499878,
                0.988283634185791,
                0.054783254861831665,
                0.06553950905799866
            ],
            "quaternion_xyzw_world": [
                0.5627632737159729,
                0.37073707580566406,
                0.5520070195198059,
                0.4910598695278168
            ],
            "segmentation_id": 10,
            "visibility": 0
        },
        {
            "bounding_box_minx_maxx_miny_maxy": [
                -1,
                -1,
                -1,
                -1
            ],
            "class": "Remington",
            "local_cuboid": null,
            "local_to_world_matrix": [
                [
                    0.7144199013710022,
                    0.6250510215759277,
                    -0.31450819969177246,
                    0.0
                ],
                [
                    -0.6162891387939453,
                    0.3492441177368164,
                    -0.7058442831039429,
                    0.0
                ],
                [
                    -0.33134859800338745,
                    0.6980972290039062,
                    0.6347191333770752,
                    0.0
                ],
                [
                    1.8156503438949585,
                    -0.7731178998947144,
                    -0.3292779326438904,
                    1.0
                ]
            ],
            "location": [
                0.7731178998947144,
                -0.3292779326438904,
                -1.8156503438949585
            ],
            "location_world": [
                1.8156503438949585,
                -0.7731178998947144,
                -0.3292779326438904
            ],
            "name": "google_Remington_TStudio_Silk_Ceramic_Hair_Straightener_2_Inch_Floating_Plates_10",
            "projected_cuboid": [
                [
                    479.25055027008057,
                    310.99554896354675
                ],
                [
                    466.38524532318115,
                    396.81127667427063
                ],
                [
                    479.46298122406006,
                    409.32056307792664
                ],
                [
                    490.86081981658936,
                    323.19411635398865
                ],
                [
                    515.4951810836792,
                    301.1983036994934
                ],
                [
                    506.2965154647827,
                    390.4372453689575
                ],
                [
                    519.5454955101013,
                    403.6916196346283
                ],
                [
                    527.2318124771118,
                    314.0881359577179
                ],
                [
                    497.91863560676575,
                    353.9404273033142
                ]
            ],
            "provenance": "visii",
            "quaternion_xyzw": [
                -0.4328523576259613,
                0.38335955142974854,
                0.8158191442489624,
                0.010644510388374329
            ],
            "quaternion_xyzw_world": [
                -0.4273337721824646,
                -0.005125895608216524,
                0.37784093618392944,
                0.8213378190994263
            ],
            "segmentation_id": 11,
            "visibility": 0
        },
        {
            "bounding_box_minx_maxx_miny_maxy": [
                -1,
                -1,
                -1,
                -1
            ],
            "class": "Predito",
            "local_cuboid": null,
            "local_to_world_matrix": [
                [
                    -0.496288537979126,
                    0.7331112027168274,
                    -0.46502211689949036,
                    0.0
                ],
                [
                    -0.5169326663017273,
                    -0.6798769235610962,
                    -0.5201422572135925,
                    0.0
                ],
                [
                    -0.6974799633026123,
                    -0.017755508422851562,
                    0.7163842916488647,
                    0.0
                ],
                [
                    0.7371104955673218,
                    -0.5405153632164001,
                    -0.06572853028774261,
                    1.0
                ]
            ],
            "location": [
                0.5405153632164001,
                -0.06572853028774261,
                -0.7371104955673218
            ],
            "location_world": [
                0.7371104955673218,
                -0.5405153632164001,
                -0.06572853028774261
            ],
            "name": "google_Predito_LZ_TRX_FG_W_11",
            "projected_cuboid": [
                [
                    610.75758934021,
                    197.06247746944427
                ],
                [
                    884.7832083702087,
                    328.6362290382385
                ],
                [
                    805.8164119720459,
                    394.37946677207947
                ],
                [
                    572.9560852050781,
                    264.68610763549805
                ],
                [
                    642.8377628326416,
                    166.08302295207977
                ],
                [
                    903.7137627601624,
                    281.1460494995117
                ],
                [
                    827.7588486671448,
                    347.98383712768555
                ],
                [
                    604.0559411048889,
                    232.95120894908905
                ],
                [
                    718.3965444564819,
                    271.92386984825134
                ]
            ],
            "provenance": "visii",
            "quaternion_xyzw": [
                0.14962542057037354,
                0.35898780822753906,
                0.8588849306106567,
                -0.33325159549713135
            ],
            "quaternion_xyzw_world": [
                -0.34176164865493774,
                -0.15813547372817993,
                0.8503748774528503,
                0.36749789118766785
            ],
            "segmentation_id": 12,
            "visibility": 0
        },
        {
            "bounding_box_minx_maxx_miny_maxy": [
                137,
                175,
                65,
                122
            ],
            "class": "Fresca",
            "local_cuboid": null,
            "local_to_world_matrix": [
                [
                    -0.6955640316009521,
                    0.6747624278068542,
                    0.24675169587135315,
                    0.0
                ],
                [
                    -0.5633842349052429,
                    -0.7253813743591309,
                    0.3954998850822449,
                    0.0
                ],
                [
                    0.4458574950695038,
                    0.13607944548130035,
                    0.8846996426582336,
                    0.0
                ],
                [
                    1.299847960472107,
                    0.3513370752334595,
                    0.3805547058582306,
                    1.0
                ]
            ],
            "location": [
                -0.3513370752334595,
                0.3805547058582306,
                -1.299847960472107
            ],
            "location_world": [
                1.299847960472107,
                0.3513370752334595,
                0.3805547058582306
            ],
            "name": "google_Fresca_Peach_Citrus_Sparkling_Flavored_Soda_12_PK_12",
            "projected_cuboid": [
                [
                    -18.209904432296753,
                    0.867798924446106
                ],
                [
                    15.7850980758667,
                    -44.078707695007324
                ],
                [
                    13.200640678405762,
                    2.619504928588867
                ],
                [
                    -22.266417741775513,
                    46.67110741138458
                ],
                [
                    139.20125365257263,
                    86.28243207931519
                ],
                [
                    175.0629097223282,
                    54.66659367084503
                ],
                [
                    179.56793308258057,
                    95.98785638809204
                ],
                [
                    142.06713438034058,
                    126.64520740509033
                ],
                [
                    86.16116642951965,
                    51.06443166732788
                ]
            ],
            "provenance": "visii",
            "quaternion_xyzw": [
                0.3064291179180145,
                0.7931140661239624,
                0.4564550817012787,
                -0.26214495301246643
            ],
            "quaternion_xyzw_world": [
                0.1904715746641159,
                0.1461874097585678,
                0.9090716242790222,
                0.34049755334854126
            ],
            "segmentation_id": 13,
            "visibility": 1
        },
        {
