{
    "camera_data": {
        "camera_look_at": {
            "at": [
                1.0,
                0.0,
                0.0
            ],
            "eye": [
                0.0,
                0.0,
                0.0
            ],
            "up": [
                0.0,
                0.0,
                1.0
            ]
        },
        "camera_view_matrix": [
            [
                0.0,
                0.0,
                -1.0,
                0.0
            ],
            [
                -1.0,
                0.0,
                0.0,
                0.0
            ],
            [
                0.0,
                1.0,
                0.0,
                0.0
            ],
            [
                0.0,
                0.0,
                0.0,
                1.0
            ]
        ],
        "height": 500,
        "intrinsics": {
            "cx": 250.0,
            "cy": 250.0,
            "fx": 603.5535278320312,
            "fy": 603.5535278320312
        },
        "location_world": [
            0.0,
            0.0,
            0.0
        ],
        "quaternion_world_xyzw": [
            0.5,
            -0.5,
            -0.5,
            0.5
        ],
        "width": 500
    },
    "objects": [
        {
            "bounding_box_minx_maxx_miny_maxy": [
                -1,
                -1,
                -1,
                -1
            ],
            "class": "Perricone",
            "local_cuboid": null,
            "local_to_world_matrix": [
                [
                    0.6054614782333374,
                    0.6977987885475159,
                    0.38274434208869934,
                    0.0
                ],
                [
                    0.7628920674324036,
                    -0.6458609104156494,
                    -0.029316827654838562,
                    0.0
                ],
                [
                    0.22674235701560974,
                    0.30974280834198,
                    -0.9233890771865845,
                    0.0
                ],
                [
                    1.5183758735656738,
                    0.2905641794204712,
                    0.40927013754844666,
                    1.0
                ]
            ],
            "location": [
                -0.2905641794204712,
                0.40927013754844666,
                -1.5183758735656738
            ],
            "location_world": [
                1.5183758735656738,
                0.2905641794204712,
                0.40927013754844666
            ],
            "name": "google_Perricone_MD_Photo_Plasma_0",
            "projected_cuboid": [
                [
                    101.49455070495605,
                    120.06959319114685
                ],
                [
                    122.02167510986328,
                    124.83583390712738
                ],
                [
                    132.55023956298828,
                    85.78939735889435
                ],
                [
                    112.0462417602539,
                    79.67472076416016
                ],
                [
                    125.10749697685242,
                    130.9291422367096
                ],
                [
                    145.72617411613464,
                    135.54230332374573
                ],
                [
                    157.07486867904663,
                    95.0082391500473
                ],
                [
                    136.50676608085632,
                    88.93933892250061
                ],
                [
                    128.93834710121155,
                    107.695072889328
                ]
            ],
            "provenance": "visii",
            "quaternion_xyzw": [
                0.3735840916633606,
                0.6883357763290405,
                -0.6124486327171326,
                0.10740350186824799
            ],
            "quaternion_xyzw_world": [
                0.8908860087394714,
                0.4098983705043793,
                0.1710338592529297,
                -0.09514675289392471
            ],
            "segmentation_id": 1,
            "visibility": 0
        },
        {
            "bounding_box_minx_maxx_miny_maxy": [
                -1,
                -1,
                -1,
                -1
            ],
            "class": "Glycerin",
            "local_cuboid": null,
            "local_to_world_matrix": [
                [
                    -0.6870375871658325,
                    -0.41060882806777954,
                    0.5994829535484314,
                    0.0
                ],
                [
                    0.10527676343917847,
                    0.7600718140602112,
                    0.641254723072052,
                    0.0
                ],
                [
                    -0.7189549803733826,
                    0.5036776661872864,
                    -0.4789702892303467,
                    0.0
                ],
                [
                    0.37071728706359863,
                    0.3033449947834015,
                    0.1891726404428482,
                    1.0
                ]
            ],
            "location": [
                -0.3033449947834015,
                0.1891726404428482,
                -0.37071728706359863
            ],
            "location_world": [
                0.37071728706359863,
                0.3033449947834015,
                0.1891726404428482
            ],
            "name": "google_Glycerin_11_Color_BrllntBluSkydvrSlvrBlckWht_Size_80_1",
            "projected_cuboid": [
                [
                    -396.9794511795044,
                    76.28507912158966
                ],
                [
                    -877.5862455368042,
                    -377.39115953445435
                ],
                [
                    -439.1028881072998,
                    -313.67212533950806
                ],
                [
                    -63.43570351600647,
                    5.082845687866211
                ],
                [
                    -317.94214248657227,
                    269.6516215801239
                ],
                [
                    -686.4429712295532,
                    -89.74862098693848
                ],
                [
                    -375.9489059448242,
                    -103.9888858795166
                ],
                [
                    -73.2656717300415,
                    165.50052165985107
                ],
                [
                    -382.998526096344,
                    -43.55967044830322
                ]
            ],
            "provenance": "visii",
            "quaternion_xyzw": [
                -0.11224877834320068,
                0.3576628863811493,
                -0.40837833285331726,
                -0.8322888016700745
            ],
            "quaternion_xyzw_world": [
                -0.0892481729388237,
                0.8552893996238708,
                0.3346622884273529,
                -0.3853777348995209
            ],
            "segmentation_id": 2,
            "visibility": 0
        },
        {
            "bounding_box_minx_maxx_miny_maxy": [
                0,
                279,
                1,
                153
            ],
            "class": "Jansport",
            "local_cuboid": null,
            "local_to_world_matrix": [
                [
                    0.8104374408721924,
                    -0.5063439607620239,
                    -0.2946301996707916,
                    0.0
                ],
                [
                    -0.2419683039188385,
                    -0.7473529577255249,
                    0.6188011169433594,
                    0.0
                ],
                [
                    -0.5335189700126648,
                    -0.4302084445953369,
                    -0.7282019853591919,
                    0.0
                ],
                [
                    0.9906286597251892,
                    0.2793639004230499,
                    0.5117725729942322,
                    1.0
                ]
            ],
            "location": [
                -0.2793639004230499,
                0.5117725729942322,
                -0.9906286597251892
            ],
            "location_world": [
                0.9906286597251892,
                0.2793639004230499,
                0.5117725729942322
            ],
            "name": "google_Jansport_School_Backpack_Blue_Streak_2",
            "projected_cuboid": [
                [
                    168.0614799261093,
                    235.93679070472717
                ],
                [
                    352.1050810813904,
                    75.09207725524902
                ],
                [
                    226.44087672233582,
                    -63.398778438568115
                ],
                [
                    88.16705644130707,
                    76.09988749027252
                ],
                [
                    -32.03403949737549,
                    134.1589093208313
                ],
                [
                    213.62456679344177,
                    -123.49003553390503
                ],
                [
                    83.14082026481628,
                    -253.97276878356934
                ],
                [
                    -85.44409275054932,
                    -50.60628056526184
                ],
                [
                    129.0745586156845,
                    11.020258069038391
                ]
            ],
            "provenance": "visii",
            "quaternion_xyzw": [
                0.29749953746795654,
                0.3804399371147156,
                -0.3195207118988037,
                0.8152704834938049
            ],
            "quaternion_xyzw_world": [
                0.9063653349876404,
                -0.2064046859741211,
                -0.22842586040496826,
                0.2893451154232025
            ],
            "segmentation_id": 3,
            "visibility": 1
        },
        {
            "bounding_box_minx_maxx_miny_maxy": [
                254,
                267,
                89,
                100
            ],
            "class": "Mario",
            "local_cuboid": null,
            "local_to_world_matrix": [
                [
                    -0.9266042709350586,
                    0.22562739253044128,
                    -0.3008284866809845,
                    0.0
                ],
                [
                    -0.2130095362663269,
                    0.3443339467048645,
                    0.9143639206886292,
                    0.0
                ],
                [
                    0.309891015291214,
                    0.9113324284553528,
                    -0.27100086212158203,
                    0.0
                ],
                [
                    1.799232840538025,
                    -0.021527104079723358,
                    0.5161768198013306,
                    1.0
                ]
            ],
            "location": [
                0.021527104079723358,
                0.5161768198013306,
                -1.799232840538025
            ],
            "location_world": [
                1.799232840538025,
                -0.021527104079723358,
                0.5161768198013306
            ],
            "name": "google_Mario_Luigi_Dream_Team_Nintendo_3DS_Game_3",
            "projected_cuboid": [
                [
                    254.39435243606567,
                    100.68342089653015
                ],
                [
                    239.4062578678131,
                    58.398932218551636
                ],
                [
                    244.57630515098572,
                    56.290850043296814
                ],
                [
                    259.52884554862976,
                    98.72947633266449
                ],
                [
                    264.0477418899536,
                    97.52604365348816
                ],
                [
                    250.22780895233154,
                    58.10040235519409
                ],
                [
                    255.07131218910217,
                    56.136682629585266
                ],
                [
                    268.8596248626709,
                    95.69627046585083
                ],
                [
                    254.7418475151062,
                    77.81863212585449
                ]
            ],
            "provenance": "visii",
            "quaternion_xyzw": [
                -0.20609457790851593,
                0.7826050519943237,
                -0.01852499134838581,
                -0.587121307849884
            ],
            "quaternion_xyzw_world": [
                0.003957067616283894,
                0.7971729636192322,
                0.5725533962249756,
                0.1915266513824463
            ],
            "segmentation_id": 4,
            "visibility": 1
        },
        {
            "bounding_box_minx_maxx_miny_maxy": [
                -1,
                -1,
                -1,
                -1
            ],
            "class": "INTERNATIONAL",
            "local_cuboid": null,
            "local_to_world_matrix": [
                [
                    -0.5415492057800293,
                    0.7593362927436829,
                    -0.36073920130729675,
                    0.0
                ],
                [
                    -0.38828152418136597,
                    0.15467000007629395,
                    0.9084683060646057,
                    0.0
                ],
                [
                    0.7456284761428833,
                    0.6320486664772034,
                    0.2110748291015625,
                    0.0
                ],
                [
                    0.22329221665859222,
                    -0.2707197964191437,
                    -0.21370309591293335,
                    1.0
                ]
            ],
            "location": [
                0.2707197964191437,
                -0.21370309591293335,
                -0.22329221665859222
            ],
            "location_world": [
                0.22329221665859222,
                -0.2707197964191437,
                -0.21370309591293335
            ],
            "name": "google_INTERNATIONAL_PAPER_Willamette_4_Brown_Bag_500Count_4",
            "projected_cuboid": [
                [
                    449.2139220237732,
                    940.9468173980713
                ],
                [
                    429.0711283683777,
                    588.4256362915039
                ],
                [
                    1146.4307308197021,
                    1117.3744201660156
                ],
                [
                    819.0053701400757,
                    1389.2781734466553
                ],
                [
                    659.1960787773132,
                    586.2541198730469
                ],
                [
                    707.2920203208923,
                    279.6546220779419
                ],
                [
                    1116.6796684265137,
                    364.3752932548523
                ],
                [
                    936.0361099243164,
                    738.7157082557678
                ],
                [
                    747.8936314582825,
                    682.9407811164856
                ]
            ],
            "provenance": "visii",
            "quaternion_xyzw": [
                -0.13948465883731842,
                0.923774003982544,
                0.16220317780971527,
                -0.31760960817337036
            ],
            "quaternion_xyzw_world": [
                0.15223821997642517,
                0.6093325018882751,
                0.6320510506629944,
                0.45392608642578125
            ],
            "segmentation_id": 5,
            "visibility": 0
        },
        {
            "bounding_box_minx_maxx_miny_maxy": [
                111,
                209,
                329,
                466
            ],
            "class": "LEGO",
            "local_cuboid": null,
            "local_to_world_matrix": [
                [
                    0.17989951372146606,
                    0.9358727931976318,
                    0.3029497265815735,
                    0.0
                ],
                [
                    0.6885597705841064,
                    -0.3397493362426758,
                    0.640668511390686,
                    0.0
                ],
                [
                    0.7025110125541687,
                    0.09334295988082886,
                    -0.7055251598358154,
                    0.0
                ],
                [
                    1.2745320796966553,
                    0.31216102838516235,
                    -0.18834428489208221,
                    1.0
                ]
            ],
            "location": [
                -0.31216102838516235,
                -0.18834428489208221,
                -1.2745320796966553
            ],
            "location_world": [
                1.2745320796966553,
                0.31216102838516235,
                -0.18834428489208221
            ],
            "name": "google_LEGO_5887_Dino_Defense_HQ_5",
            "projected_cuboid": [
                [
                    -21.86855673789978,
                    436.08325719833374
                ],
                [
                    62.75017559528351,
                    325.0269889831543
                ],
                [
                    48.95010590553284,
                    256.56288862228394
                ],
                [
                    -51.55444145202637,
                    371.0256814956665
                ],
                [
                    158.84089469909668,
                    511.85083389282227
                ],
                [
                    219.68825161457062,
                    383.0389678478241
                ],
                [
                    226.50693356990814,
                    318.36819648742676
                ],
                [
                    157.01794624328613,
                    454.6094536781311
                ],
                [
                    101.13251209259033,
                    377.78812646865845
                ]
            ],
            "provenance": "visii",
            "quaternion_xyzw": [
                0.17746120691299438,
                0.9054076671600342,
                -0.38493290543556213,
                0.023899927735328674
            ],
            "quaternion_xyzw_world": [
                0.7458508610725403,
                0.5444897413253784,
                0.33701804280281067,
                0.18345676362514496
            ],
            "segmentation_id": 6,
            "visibility": 1
        },
        {
            "bounding_box_minx_maxx_miny_maxy": [
                -1,
                -1,
                -1,
                -1
            ],
            "class": "Mens",
            "local_cuboid": null,
            "local_to_world_matrix": [
                [
                    -0.6833071708679199,
                    0.10352128744125366,
                    0.7227548956871033,
                    0.0
                ],
                [
                    0.6891299486160278,
                    0.41849493980407715,
                    0.5915758013725281,
                    0.0
                ],
                [
                    -0.24122858047485352,
                    0.9023000597953796,
                    -0.3573002815246582,
                    0.0
                ],
                [
                    0.2603418529033661,
                    0.403720885515213,
                    0.3212158679962158,
                    1.0
                ]
            ],
            "location": [
                -0.403720885515213,
                0.3212158679962158,
                -0.2603418529033661
            ],
            "location_world": [
                0.2603418529033661,
                0.403720885515213,
                0.3212158679962158
            ],
            "name": "google_Mens_ASV_Shock_Light_Bungee_in_Light_Grey_xGCOvtLDnQJ_6",
            "projected_cuboid": [
                [
                    -2604.727268218994,
                    -1210.1771831512451
                ],
                [
                    -930.6125640869141,
                    -576.3367414474487
                ],
                [
                    -627.8442740440369,
                    -582.2920799255371
                ],
                [
                    -1439.717411994934,
                    -1081.1458826065063
                ],
                [
                    -1330.6859731674194,
                    -302.6689291000366
                ],
                [
                    -676.7830848693848,
                    -284.05869007110596
                ],
                [
                    -448.30769300460815,
                    -309.8818063735962
                ],
                [
                    -779.9862623214722,
                    -351.637065410614
                ],
                [
                    -870.0182437896729,
                    -485.94409227371216
                ]
            ],
            "provenance": "visii",
            "quaternion_xyzw": [
                0.1261688768863678,
                0.6028823852539062,
                -0.4339280128479004,
                -0.6575110554695129
            ],
            "quaternion_xyzw_world": [
                0.25273409485816956,
                0.7840762734413147,
                0.4763171374797821,
                -0.30736279487609863
            ],
            "segmentation_id": 7,
            "visibility": 0
        },
        {
            "bounding_box_minx_maxx_miny_maxy": [
                -1,
                -1,
                -1,
                -1
            ],
            "class": "Twinlab",
            "local_cuboid": null,
            "local_to_world_matrix": [
                [
                    0.4155092239379883,
                    -0.24629506468772888,
                    -0.8756088018417358,
                    0.0
                ],
                [
                    0.5573029518127441,
                    -0.6918585300445557,
                    0.4590700566768646,
                    0.0
                ],
                [
                    -0.7188640832901001,
                    -0.6787272095680237,
                    -0.15021264553070068,
                    0.0
                ],
                [
                    0.5223580002784729,
                    -0.2022518366575241,
                    -0.4647027254104614,
                    1.0
                ]
            ],
            "location": [
                0.2022518366575241,
                -0.4647027254104614,
                -0.5223580002784729
            ],
            "location_world": [
                0.5223580002784729,
                -0.2022518366575241,
                -0.4647027254104614
            ],
            "name": "google_Twinlab_100_Whey_Protein_Fuel_Chocolate_7",
            "projected_cuboid": [
                [
                    885.6934905052185,
                    1378.3363103866577
                ],
                [
                    909.7260236740112,
                    1034.4011783599854
                ],
                [
                    528.0348062515259,
                    751.7544627189636
                ],
                [
                    447.53262400627136,
                    922.4005937576294
                ],
                [
                    955.9690952301025,
                    1342.0422077178955
                ],
                [
                    966.866135597229,
                    942.1579241752625
                ],
                [
                    518.2090997695923,
                    656.8396687507629
                ],
                [
                    423.9145517349243,
                    834.035336971283
                ],
                [
                    657.538115978241,
                    930.3900599479675
                ]
            ],
            "provenance": "visii",
            "quaternion_xyzw": [
                -0.13072960078716278,
                0.35139399766921997,
                -0.5033634305000305,
                0.7784968018531799
            ],
            "quaternion_xyzw_world": [
                0.7512623071670532,
                0.10349509865045547,
                -0.5305979251861572,
                0.3786284923553467
            ],
            "segmentation_id": 8,
            "visibility": 0
        },
        {
            "bounding_box_minx_maxx_miny_maxy": [
                -1,
                -1,
                -1,
                -1
            ],
            "class": "Timberland",
            "local_cuboid": null,
            "local_to_world_matrix": [
                [
                    -0.18468594551086426,
                    0.8780159950256348,
                    0.4415643811225891,
                    0.0
                ],
                [
                    -0.5652559995651245,
                    0.27264630794525146,
                    -0.7785561084747314,
                    0.0
                ],
                [
                    -0.8039756417274475,
                    -0.39338526129722595,
                    0.44594985246658325,
                    0.0
                ],
                [
                    0.27250826358795166,
                    -0.3970092833042145,
                    -0.18091507256031036,
                    1.0
                ]
            ],
            "location": [
                0.3970092833042145,
                -0.18091507256031036,
                -0.27250826358795166
            ],
            "location_world": [
                0.27250826358795166,
                -0.3970092833042145,
                -0.18091507256031036
            ],
            "name": "google_Timberland_Mens_Earthkeepers_Stormbuck_Chukka_8",
            "projected_cuboid": [
                [
                    1276.139259338379,
                    214.44259583950043
                ],
                [
                    2825.021505355835,
                    1891.294002532959
                ],
                [
                    1301.6891479492188,
                    1197.9074478149414
                ],
                [
                    923.524796962738,
                    313.26234340667725
                ],
                [
                    1415.137529373169,
                    325.944185256958
                ],
                [
                    2884.532928466797,
                    1851.2071371078491
                ],
                [
                    1494.8904514312744,
                    1250.5345344543457
                ],
                [
                    1047.4218130111694,
                    391.11411571502686
                ],
                [
                    1371.1165189743042,
                    664.2913818359375
                ]
            ],
            "provenance": "visii",
            "quaternion_xyzw": [
                0.1553741693496704,
                0.27179229259490967,
                0.9301273822784424,
                0.19196581840515137
            ],
            "quaternion_xyzw_world": [
                -0.15549752116203308,
                -0.5028375387191772,
                0.5826640129089355,
                0.6192556619644165
            ],
            "segmentation_id": 9,
            "visibility": 0
        },
        {
            "bounding_box_minx_maxx_miny_maxy": [
                -1,
                -1,
                -1,
                -1
            ],
            "class": "Nescafe",
            "local_cuboid": null,
            "local_to_world_matrix": [
                [
                    0.09401553869247437,
                    0.8677597641944885,
                    -0.4880106449127197,
                    0.0
                ],
                [
                    0.44232577085494995,
                    0.4027363657951355,
                    0.801343560218811,
                    0.0
                ],
                [
                    0.8919132947921753,
                    -0.2911984920501709,
                    -0.3459690809249878,
                    0.0
                ],
                [
                    1.661995530128479,
                    0.37850603461265564,
                    0.6742274761199951,
                    1.0
                ]
            ],
            "location": [
                -0.37850603461265564,
                0.6742274761199951,
                -1.661995530128479
            ],
            "location_world": [
                1.661995530128479,
                0.37850603461265564,
                0.6742274761199951
            ],
            "name": "google_Nescafe_Tasters_Choice_Instant_Coffee_Decaf_House_Blend_Light_7_oz_9",
            "projected_cuboid": [
                [
                    133.4465742111206,
                    65.57692587375641
                ],
                [
                    125.24160742759705,
                    48.35124313831329
                ],
                [
                    93.58415007591248,
                    5.483850836753845
                ],
                [
                    101.94048285484314,
                    23.52890372276306
                ],
                [
                    160.95459461212158,
                    48.846274614334106
                ],
                [
                    152.18520164489746,
                    31.853944063186646
                ],
                [
                    123.02055954933167,
                    -12.878179550170898
                ],
                [
                    132.052481174469,
                    4.87460196018219
                ],
                [
                    128.44228744506836,
                    27.919992804527283
                ]
            ],
            "provenance": "visii",
            "quaternion_xyzw": [
                -0.23601382970809937,
                0.9435328245162964,
                -0.2088678479194641,
                0.10206698626279831
            ],
            "quaternion_xyzw_world": [
                0.50922691822052,
                0.6431737542152405,
                0.1982920914888382,
                0.5363729000091553
            ],
            "segmentation_id": 10,
            "visibility": 0
        },
        {
            "bounding_box_minx_maxx_miny_maxy": [
                459,
                497,
                353,
                409
            ],
            "class": "Remington",
            "local_cuboid": null,
            "local_to_world_matrix": [
                [
                    -0.7289873361587524,
                    0.033509135246276855,
                    0.683706521987915,
                    0.0
                ],
                [
                    0.5409702658653259,
                    -0.5838056802749634,
                    0.6054107546806335,
                    0.0
                ],
                [
                    0.41943857073783875,
                    0.8112016320228577,
                    0.4074594974517822,
                    0.0
                ],
                [
                    1.8021591901779175,
                    -0.730104386806488,
                    -0.36560672521591187,
                    1.0
                ]
            ],
            "location": [
                0.730104386806488,
                -0.36560672521591187,
                -1.8021591901779175
            ],
            "location_world": [
                1.8021591901779175,
                -0.730104386806488,
                -0.36560672521591187
            ],
            "name": "google_Remington_TStudio_Silk_Ceramic_Hair_Straightener_2_Inch_Floating_Plates_10",
            "projected_cuboid": [
                [
                    457.1681022644043,
                    388.1680369377136
                ],
                [
                    498.77333641052246,
                    311.9578957557678
                ],
                [
                    520.1324224472046,
                    321.7361569404602
                ],
                [
                    480.07792234420776,
                    400.24399757385254
                ],
                [
                    448.0421543121338,
                    409.9317789077759
                ],
                [
                    488.53549361228943,
                    335.3074789047241
                ],
                [
                    508.74388217926025,
                    344.961941242218
                ],
                [
                    469.6240425109863,
                    421.72786593437195
                ],
                [
                    484.649121761322,
                    365.1466369628906
                ]
            ],
            "provenance": "visii",
            "quaternion_xyzw": [
                0.44173485040664673,
                0.7173490524291992,
                -0.04652920365333557,
                -0.5367641448974609
            ],
            "quaternion_xyzw_world": [
                0.3344244658946991,
                0.4294537603855133,
                0.8246594071388245,
                -0.1538396030664444
            ],
            "segmentation_id": 11,
            "visibility": 1
        },
        {
            "bounding_box_minx_maxx_miny_maxy": [
                452,
                472,
                307,
                323
            ],
            "class": "Predito",
            "local_cuboid": null,
            "local_to_world_matrix": [
                [
                    -0.11212038993835449,
                    -0.18435174226760864,
                    0.9764445424079895,
                    0.0
                ],
                [
                    0.9882115721702576,
                    0.08240091800689697,
                    0.12902864813804626,
                    0.0
                ],
                [
                    -0.10424679517745972,
                    0.9794002771377563,
                    0.1729394793510437,
                    0.0
                ],
                [
                    1.4710578918457031,
                    -0.6333439350128174,
                    -0.20638784766197205,
                    1.0
                ]
            ],
            "location": [
                0.6333439350128174,
                -0.20638784766197205,
                -1.4710578918457031
            ],
            "location_world": [
                1.4710578918457031,
                -0.6333439350128174,
                -0.20638784766197205
            ],
            "name": "google_Predito_LZ_TRX_FG_W_11",
            "projected_cuboid": [
                [
                    496.8986511230469,
                    322.53924012184143
                ],
                [
                    448.476642370224,
                    297.8833019733429
                ],
                [
                    488.77590894699097,
                    304.9046993255615
                ],
                [
                    544.5466041564941,
                    330.69849014282227
                ],
                [
                    487.4134659767151,
                    362.21441626548767
                ],
                [
                    440.83741307258606,
                    331.2945067882538
                ],
                [
                    480.9359908103943,
                    338.0267024040222
                ],
                [
                    534.7826480865479,
                    369.9658513069153
                ],
                [
                    488.1550073623657,
                    331.02259039878845
                ]
            ],
            "provenance": "visii",
            "quaternion_xyzw": [
                -0.48761576414108276,
                -0.45837491750717163,
                0.44465339183807373,
                0.5953208208084106
            ],
            "quaternion_xyzw_world": [
                -0.39766165614128113,
                -0.5053666830062866,
                -0.5483290553092957,
                0.5346075296401978
            ],
            "segmentation_id": 12,
            "visibility": 1
        },
        {
            "bounding_box_minx_maxx_miny_maxy": [
                0,
                206,
                73,
                208
            ],
            "class": "Fresca",
            "local_cuboid": null,
            "local_to_world_matrix": [
                [
                    -0.3725358247756958,
                    0.900267481803894,
                    0.2252466380596161,
                    0.0
                ],
                [
                    -0.3507401943206787,
                    0.0881270170211792,
                    -0.9323171377182007,
                    0.0
                ],
                [
                    -0.859184980392456,
                    -0.42632433772087097,
                    0.2829291820526123,
                    0.0
                ],
                [
                    1.2855274677276611,
                    0.3268786668777466,
                    0.1960422545671463,
                    1.0
                ]
            ],
            "location": [
                -0.3268786668777466,
                0.1960422545671463,
                -1.2855274677276611
            ],
            "location_world": [
                1.2855274677276611,
                0.3268786668777466,
                0.1960422545671463
            ],
            "name": "google_Fresca_Peach_Citrus_Sparkling_Flavored_Soda_12_PK_12",
            "projected_cuboid": [
                [
                    8.368775248527527,
                    64.99963998794556
                ],
                [
                    -9.553253650665283,
                    129.67923283576965
                ],
                [
                    -13.307005167007446,
                    159.67652201652527
                ],
                [
                    3.1456947326660156,
                    99.64728355407715
                ],
                [
                    211.07591688632965,
                    130.56603074073792
                ],
                [
                    203.4681737422943,
                    189.84362483024597
                ],
                [
                    182.39010870456696,
                    211.41812205314636
                ],
                [
                    190.13036787509918,
                    156.14408254623413
                ],
                [
                    102.96560823917389,
                    144.5918083190918
                ]
            ],
            "provenance": "visii",
            "quaternion_xyzw": [
                0.20788511633872986,
                0.16489805281162262,
                0.9606989622116089,
                0.08154842257499695
            ],
            "quaternion_xyzw_world": [
                -0.2531836926937103,
                -0.5426172018051147,
                0.6259668469429016,
                0.4996301531791687
            ],
            "segmentation_id": 13,
            "visibility": 1
        },
        {
