{
    "camera_data": {
        "camera_look_at": {
            "at": [
                1.0,
                0.0,
                0.0
            ],
            "eye": [
                0.0,
                0.0,
                0.0
            ],
            "up": [
                0.0,
                0.0,
                1.0
            ]
        },
        "camera_view_matrix": [
            [
                0.0,
                0.0,
                -1.0,
                0.0
            ],
            [
                -1.0,
                0.0,
                0.0,
                0.0
            ],
            [
                0.0,
                1.0,
                0.0,
                0.0
            ],
            [
                0.0,
                0.0,
                0.0,
                1.0
            ]
        ],
        "height": 500,
        "intrinsics": {
            "cx": 250.0,
            "cy": 250.0,
            "fx": 603.5535278320312,
            "fy": 603.5535278320312
        },
        "location_world": [
            0.0,
            0.0,
            0.0
        ],
        "quaternion_world_xyzw": [
            0.5,
            -0.5,
            -0.5,
            0.5
        ],
        "width": 500
    },
    "objects": [
        {
            "bounding_box_minx_maxx_miny_maxy": [
                139,
                175,
                49,
                95
            ],
            "class": "Perricone",
            "local_cuboid": null,
            "local_to_world_matrix": [
                [
                    -0.3805568218231201,
                    0.9081001281738281,
                    0.174730584025383,
                    0.0
                ],
                [
                    -0.8255980014801025,
                    -0.4187530279159546,
                    0.37819820642471313,
                    0.0
                ],
                [
                    0.4166107773780823,
                    -0.0003313422203063965,
                    0.9090849161148071,
                    0.0
                ],
                [
                    1.6627453565597534,
                    0.26582950353622437,
                    0.4549756348133087,
                    1.0
                ]
            ],
            "location": [
                -0.26582950353622437,
                0.4549756348133087,
                -1.6627453565597534
            ],
            "location_world": [
                1.6627453565597534,
                0.26582950353622437,
                0.4549756348133087
            ],
            "name": "google_Perricone_MD_Photo_Plasma_0",
            "projected_cuboid": [
                [
                    134.69824194908142,
                    57.305678725242615
                ],
                [
                    140.88913798332214,
                    42.08448529243469
                ],
                [
                    137.92313635349274,
                    72.10147380828857
                ],
                [
                    131.66573643684387,
                    86.75342798233032
                ],
                [
                    170.42005062103271,
                    68.0946409702301
                ],
                [
                    177.59573459625244,
                    53.57576906681061
                ],
                [
                    175.67114531993866,
                    83.16633105278015
                ],
                [
                    168.37254166603088,
                    97.12478518486023
                ],
                [
                    154.83632683753967,
                    70.01608610153198
                ]
            ],
            "provenance": "visii",
            "quaternion_xyzw": [
                0.18049409985542297,
                0.8220263719558716,
                0.5275630950927734,
                -0.11563661694526672
            ],
            "quaternion_xyzw_world": [
                0.179660364985466,
                0.11480288952589035,
                0.822860062122345,
                0.5267293453216553
            ],
            "segmentation_id": 1,
            "visibility": 1
        },
        {
            "bounding_box_minx_maxx_miny_maxy": [
                -1,
                -1,
                -1,
                -1
            ],
            "class": "Glycerin",
            "local_cuboid": null,
            "local_to_world_matrix": [
                [
                    -0.06625962257385254,
                    -0.8141515254974365,
                    0.5768595933914185,
                    0.0
                ],
                [
                    0.8807734251022339,
                    -0.319393515586853,
                    -0.34960851073265076,
                    0.0
                ],
                [
                    0.46887946128845215,
                    0.48491767048835754,
                    0.7382458448410034,
                    0.0
                ],
                [
                    0.3185262084007263,
                    0.2604479193687439,
                    0.3492116332054138,
                    1.0
                ]
            ],
            "location": [
                -0.2604479193687439,
                0.3492116332054138,
                -0.3185262084007263
            ],
            "location_world": [
                0.3185262084007263,
                0.2604479193687439,
                0.3492116332054138
            ],
            "name": "google_Glycerin_11_Color_BrllntBluSkydvrSlvrBlckWht_Size_80_1",
            "projected_cuboid": [
                [
                    -557.4822425842285,
                    -1079.7195434570312
                ],
                [
                    -19.611895084381104,
                    -257.31360912323
                ],
                [
                    30.753716826438904,
                    -194.39327716827393
                ],
                [
                    -622.3236918449402,
                    -1213.952660560608
                ],
                [
                    -765.7195329666138,
                    -872.2469806671143
                ],
                [
                    -128.5858452320099,
                    -169.45230960845947
                ],
                [
                    -94.3051278591156,
                    -95.36230564117432
                ],
                [
                    -898.3867168426514,
                    -930.5152893066406
                ],
                [
                    -255.56015968322754,
                    -438.06612491607666
                ]
            ],
            "provenance": "visii",
            "quaternion_xyzw": [
                -0.811270534992218,
                -0.2761881351470947,
                0.1290130913257599,
                0.4989147186279297
            ],
            "quaternion_xyzw_world": [
                -0.3587785065174103,
                -0.04642269387841225,
                -0.7286801338195801,
                0.5815051198005676
            ],
            "segmentation_id": 2,
            "visibility": 0
        },
        {
            "bounding_box_minx_maxx_miny_maxy": [
                0,
                188,
                1,
                135
            ],
            "class": "Jansport",
            "local_cuboid": null,
            "local_to_world_matrix": [
                [
                    0.8921022415161133,
                    0.39607277512550354,
                    -0.2174394726753235,
                    0.0
                ],
                [
                    0.21309563517570496,
                    -0.7931692600250244,
                    -0.5705021023750305,
                    0.0
                ],
                [
                    -0.3984266519546509,
                    0.46261081099510193,
                    -0.7919894456863403,
                    0.0
                ],
                [
                    1.1297588348388672,
                    0.22921150922775269,
                    0.6225278377532959,
                    1.0
                ]
            ],
            "location": [
                -0.22921150922775269,
                0.6225278377532959,
                -1.1297588348388672
            ],
            "location_world": [
                1.1297588348388672,
                0.22921150922775269,
                0.6225278377532959
            ],
            "name": "google_Jansport_School_Backpack_Blue_Streak_2",
            "projected_cuboid": [
                [
                    -112.93721199035645,
                    62.964826822280884
                ],
                [
                    63.39868903160095,
                    184.79621410369873
                ],
                [
                    179.52531576156616,
                    36.3263338804245
                ],
                [
                    34.95132923126221,
                    -77.83108949661255
                ],
                [
                    -152.44904160499573,
                    -76.04917883872986
                ],
                [
                    94.09753978252411,
                    104.68873381614685
                ],
                [
                    241.24117195606232,
                    -76.4191746711731
                ],
                [
                    52.86861956119537,
                    -238.64787817001343
                ],
                [
                    58.68946015834808,
                    -4.577368497848511
                ]
            ],
            "provenance": "visii",
            "quaternion_xyzw": [
                0.4404550790786743,
                0.3267812728881836,
                -0.768928050994873,
                0.3285771608352661
            ],
            "quaternion_xyzw_world": [
                0.9323707818984985,
                0.1633385568857193,
                -0.16513444483280182,
                -0.27701234817504883
            ],
            "segmentation_id": 3,
            "visibility": 1
        },
        {
            "bounding_box_minx_maxx_miny_maxy": [
                -1,
                -1,
                -1,
                -1
            ],
            "class": "Mario",
            "local_cuboid": null,
            "local_to_world_matrix": [
                [
                    0.34592342376708984,
                    0.9041961431503296,
                    -0.25053220987319946,
                    0.0
                ],
                [
                    0.8556756973266602,
                    -0.4135608673095703,
                    -0.31110528111457825,
                    0.0
                ],
                [
                    -0.384910523891449,
                    -0.10675574094057083,
                    -0.9167590141296387,
                    0.0
                ],
                [
                    1.8811252117156982,
                    -0.0965370237827301,
                    0.18164023756980896,
                    1.0
                ]
            ],
            "location": [
                0.0965370237827301,
                0.18164023756980896,
                -1.8811252117156982
            ],
            "location_world": [
                1.8811252117156982,
                -0.0965370237827301,
                0.18164023756980896
            ],
            "name": "google_Mario_Luigi_Dream_Team_Nintendo_3DS_Game_3",
            "projected_cuboid": [
                [
                    253.39272618293762,
                    194.71460580825806
                ],
                [
                    269.207239151001,
                    209.78376269340515
                ],
                [
                    268.6099410057068,
                    205.31120896339417
                ],
                [
                    252.8144121170044,
                    190.03437459468842
                ],
                [
                    295.2216863632202,
                    181.6869080066681
                ],
                [
                    309.0794086456299,
                    197.86475598812103
                ],
                [
                    308.33643674850464,
                    193.32000613212585
                ],
                [
                    294.4827973842621,
                    176.9285798072815
                ],
                [
                    281.34575486183167,
                    194.0051019191742
                ]
            ],
            "provenance": "visii",
            "quaternion_xyzw": [
                0.07415974140167236,
                0.5495862364768982,
                -0.8062586784362793,
                0.20591814815998077
            ],
            "quaternion_xyzw_world": [
                0.8179613947868347,
                0.5378835201263428,
                -0.19421538710594177,
                -0.06245696172118187
            ],
            "segmentation_id": 4,
            "visibility": 0
        },
        {
            "bounding_box_minx_maxx_miny_maxy": [
                292,
                499,
                372,
                500
            ],
            "class": "INTERNATIONAL",
            "local_cuboid": null,
            "local_to_world_matrix": [
                [
                    0.11046469211578369,
                    0.8156285285949707,
                    -0.5679330229759216,
                    0.0
                ],
                [
                    -0.5080035924911499,
                    0.5374811291694641,
                    0.6730873584747314,
                    0.0
                ],
                [
                    0.8542425036430359,
                    0.2141595035791397,
                    0.4737147092819214,
                    0.0
                ],
                [
                    0.18480674922466278,
                    -0.1473444253206253,
                    -0.21830712258815765,
                    1.0
                ]
            ],
            "location": [
                0.1473444253206253,
                -0.21830712258815765,
                -0.18480674922466278
            ],
            "location_world": [
                0.18480674922466278,
                -0.1473444253206253,
                -0.21830712258815765
            ],
            "name": "google_INTERNATIONAL_PAPER_Willamette_4_Brown_Bag_500Count_4",
            "projected_cuboid": [
                [
                    370.78192830085754,
                    744.1043257713318
                ],
                [
                    103.11166942119598,
                    586.1352682113647
                ],
                [
                    107.06254839897156,
                    1185.369849205017
                ],
                [
                    493.615597486496,
                    1118.2582378387451
                ],
                [
                    756.6271424293518,
                    524.1764783859253
                ],
                [
                    679.2975664138794,
                    216.19582176208496
                ],
                [
                    1347.0295667648315,
                    562.2390508651733
                ],
                [
                    1091.425895690918,
                    834.007978439331
                ],
                [
                    578.601062297821,
                    705.3897380828857
                ]
            ],
            "provenance": "visii",
            "quaternion_xyzw": [
                -0.3022940456867218,
                0.9141879677772522,
                0.26846733689308167,
                -0.02835702896118164
            ],
            "quaternion_xyzw_world": [
                0.15753476321697235,
                0.488185852766037,
                0.45435914397239685,
                0.728296160697937
            ],
            "segmentation_id": 5,
            "visibility": 1
        },
        {
            "bounding_box_minx_maxx_miny_maxy": [
                72,
                286,
                340,
                443
            ],
            "class": "LEGO",
            "local_cuboid": null,
            "local_to_world_matrix": [
                [
                    -0.6118261814117432,
                    0.7237809896469116,
                    0.3190765380859375,
                    0.0
                ],
                [
                    -0.7830737829208374,
                    -0.49729907512664795,
                    -0.37348243594169617,
                    0.0
                ],
                [
                    -0.11164303123950958,
                    -0.47836682200431824,
                    0.8710345029830933,
                    0.0
                ],
                [
                    1.417884111404419,
                    0.20247554779052734,
                    -0.414085328578949,
                    1.0
                ]
            ],
            "location": [
                -0.20247554779052734,
                -0.414085328578949,
                -1.417884111404419
            ],
            "location_world": [
                1.417884111404419,
                0.20247554779052734,
                -0.414085328578949
            ],
            "name": "google_LEGO_5887_Dino_Defense_HQ_5",
            "projected_cuboid": [
                [
                    103.33588719367981,
                    268.2551443576813
                ],
                [
                    160.72598099708557,
                    342.498242855072
                ],
                [
                    97.32721745967865,
                    459.716796875
                ],
                [
                    53.23651432991028,
                    364.5882308483124
                ],
                [
                    245.78197300434113,
                    317.3295259475708
                ],
                [
                    319.5425271987915,
                    386.4426910877228
                ],
                [
                    265.17024636268616,
                    480.0603985786438
                ],
                [
                    201.38229429721832,
                    397.1489667892456
                ],
                [
                    185.21688878536224,
                    375.4192292690277
                ]
            ],
            "provenance": "visii",
            "quaternion_xyzw": [
                0.36676234006881714,
                0.556474506855011,
                0.743119478225708,
                -0.05995756387710571
            ],
            "quaternion_xyzw_world": [
                0.06007988750934601,
                -0.24672488868236542,
                0.8631569743156433,
                0.43643707036972046
            ],
            "segmentation_id": 6,
            "visibility": 1
        },
        {
            "bounding_box_minx_maxx_miny_maxy": [
                -1,
                -1,
                -1,
                -1
            ],
            "class": "Mens",
            "local_cuboid": null,
            "local_to_world_matrix": [
                [
                    0.8959289193153381,
                    0.441051185131073,
                    0.052775442600250244,
                    0.0
                ],
                [
                    0.0033536702394485474,
                    -0.12552380561828613,
                    0.9920849800109863,
                    0.0
                ],
                [
                    0.444184809923172,
                    -0.8886606693267822,
                    -0.11393952369689941,
                    0.0
                ],
                [
                    0.16889140009880066,
                    0.5008412003517151,
                    0.3728855550289154,
                    1.0
                ]
            ],
            "location": [
                -0.5008412003517151,
                0.3728855550289154,
                -0.16889140009880066
            ],
            "location_world": [
                0.16889140009880066,
                0.5008412003517151,
                0.3728855550289154
            ],
            "name": "google_Mens_ASV_Shock_Light_Bungee_in_Light_Grey_xGCOvtLDnQJ_6",
            "projected_cuboid": [
                [
                    -733.2654595375061,
                    -243.54398250579834
                ],
                [
                    -649.0565538406372,
                    -879.5698881149292
                ],
                [
                    -1156.043291091919,
                    -1188.6848211288452
                ],
                [
                    -1262.8655433654785,
                    -400.2806544303894
                ],
                [
                    -1115.666151046753,
                    -498.790442943573
                ],
                [
                    -982.6639890670776,
                    -1485.899567604065
                ],
                [
                    -2035.9094142913818,
                    -2301.988124847412
                ],
                [
                    -2235.2170944213867,
                    -891.9389247894287
                ],
                [
                    -1138.1750106811523,
                    -883.3842277526855
                ]
            ],
            "provenance": "visii",
            "quaternion_xyzw": [
                0.05255633592605591,
                0.848133385181427,
                -0.034573912620544434,
                0.5260344743728638
            ],
            "quaternion_xyzw_world": [
                0.7306490540504456,
                0.15205824375152588,
                0.17004068195819855,
                0.6435188055038452
            ],
            "segmentation_id": 7,
            "visibility": 0
        },
        {
            "bounding_box_minx_maxx_miny_maxy": [
                -1,
                -1,
                -1,
                -1
            ],
            "class": "Twinlab",
            "local_cuboid": null,
            "local_to_world_matrix": [
                [
                    -0.9104424715042114,
                    0.2871037721633911,
                    -0.29776978492736816,
                    0.0
                ],
                [
                    -0.40444594621658325,
                    -0.7688039541244507,
                    0.49534308910369873,
                    0.0
                ],
                [
                    -0.08671163767576218,
                    0.5714129209518433,
                    0.8160688877105713,
                    0.0
                ],
                [
                    0.41747599840164185,
                    -0.0919688418507576,
                    -0.5306789875030518,
                    1.0
                ]
            ],
            "location": [
                0.0919688418507576,
                -0.5306789875030518,
                -0.41747599840164185
            ],
            "location_world": [
                0.41747599840164185,
                -0.0919688418507576,
                -0.5306789875030518
            ],
            "name": "google_Twinlab_100_Whey_Protein_Fuel_Chocolate_7",
            "projected_cuboid": [
                [
                    13.890624046325684,
                    900.0283479690552
                ],
                [
                    212.27045357227325,
                    880.6143403053284
                ],
                [
                    499.2946982383728,
                    1241.5978908538818
                ],
                [
                    264.44557309150696,
                    1199.1541385650635
                ],
                [
                    137.02042400836945,
                    655.3417444229126
                ],
                [
                    287.7139151096344,
                    606.7002415657043
                ],
                [
                    480.7436764240265,
                    867.5393462181091
                ],
                [
                    313.0444586277008,
                    882.344663143158
                ],
                [
                    276.91248059272766,
                    881.7242383956909
                ]
            ],
            "provenance": "visii",
            "quaternion_xyzw": [
                0.1808602511882782,
                0.6511020660400391,
                0.46863430738449097,
                -0.5689796209335327
            ],
            "quaternion_xyzw_world": [
                -0.1028258204460144,
                0.2852935194969177,
                0.9347881078720093,
                0.18494825065135956
            ],
            "segmentation_id": 8,
            "visibility": 0
        },
        {
            "bounding_box_minx_maxx_miny_maxy": [
                -1,
                -1,
                -1,
                -1
            ],
            "class": "Timberland",
            "local_cuboid": null,
            "local_to_world_matrix": [
                [
                    0.8221700191497803,
                    -0.21751737594604492,
                    -0.5260444283485413,
                    0.0
                ],
                [
                    0.4577946066856384,
                    -0.29657530784606934,
                    0.8381331562995911,
                    0.0
                ],
                [
                    -0.3383203148841858,
                    -0.9299082159996033,
                    -0.1442570686340332,
                    0.0
                ],
                [
                    0.3420139253139496,
                    -0.4237598478794098,
                    -0.20260249078273773,
                    1.0
                ]
            ],
            "location": [
                0.4237598478794098,
                -0.20260249078273773,
                -0.3420139253139496
            ],
            "location_world": [
                0.3420139253139496,
                -0.4237598478794098,
                -0.20260249078273773
            ],
            "name": "google_Timberland_Mens_Earthkeepers_Stormbuck_Chukka_8",
            "projected_cuboid": [
                [
                    1327.4532556533813,
                    1066.5961503982544
                ],
                [
                    1097.6307392120361,
                    423.2518672943115
                ],
                [
                    883.6055994033813,
                    386.4845037460327
                ],
                [
                    990.6810522079468,
                    934.4233870506287
                ],
                [
                    1785.071611404419,
                    1281.2150716781616
                ],
                [
                    1293.1686639785767,
                    362.7341389656067
                ],
                [
                    1003.8895606994629,
                    323.11391830444336
                ],
                [
                    1230.036735534668,
                    1057.2956800460815
                ],
                [
                    1143.9039707183838,
                    644.8380947113037
                ]
            ],
            "provenance": "visii",
            "quaternion_xyzw": [
                -0.10132115334272385,
                0.5661923885345459,
                -0.2658334970474243,
                0.7736231088638306
            ],
            "quaternion_xyzw_world": [
                0.7521639466285706,
                0.07986198365688324,
                -0.2872926592826843,
                0.5876516103744507
            ],
            "segmentation_id": 9,
            "visibility": 0
        },
        {
            "bounding_box_minx_maxx_miny_maxy": [
                -1,
                -1,
                -1,
                -1
            ],
            "class": "Nescafe",
            "local_cuboid": null,
            "local_to_world_matrix": [
                [
                    -0.7784645557403564,
                    -0.2607831358909607,
                    0.5709512233734131,
                    0.0
                ],
                [
                    0.6118151545524597,
                    -0.11197686195373535,
                    0.7830348014831543,
                    0.0
                ],
                [
                    -0.1402689516544342,
                    0.9588813781738281,
                    0.24672091007232666,
                    0.0
                ],
                [
                    1.590969204902649,
                    0.24442145228385925,
                    0.7122445702552795,
                    1.0
                ]
            ],
            "location": [
                -0.24442145228385925,
                0.7122445702552795,
                -1.590969204902649
            ],
            "location_world": [
                1.590969204902649,
                0.24442145228385925,
                0.7122445702552795
            ],
            "name": "google_Nescafe_Tasters_Choice_Instant_Coffee_Decaf_House_Blend_Light_7_oz_9",
            "projected_cuboid": [
                [
                    83.61147344112396,
                    -53.022295236587524
                ],
                [
                    92.26326644420624,
                    -67.69251823425293
                ],
                [
                    163.01128268241882,
                    -44.91227865219116
                ],
                [
                    156.75026178359985,
                    -29.769837856292725
                ],
                [
                    81.90126717090607,
                    -17.399460077285767
                ],
                [
                    90.20298719406128,
                    -32.451361417770386
                ],
                [
                    157.75614976882935,
                    -11.265754699707031
                ],
                [
                    151.63056552410126,
                    4.181817173957825
                ],
                [
                    122.44512140750885,
                    -31.15209937095642
                ]
            ],
            "provenance": "visii",
            "quaternion_xyzw": [
                0.2904649078845978,
                0.5877888202667236,
                -0.1552828550338745,
                -0.7389328479766846
            ],
            "quaternion_xyzw_world": [
                0.14730186760425568,
                0.5957698225975037,
                0.7309518456459045,
                -0.2984458804130554
            ],
            "segmentation_id": 10,
            "visibility": 0
        },
        {
            "bounding_box_minx_maxx_miny_maxy": [
                464,
                499,
                347,
                383
            ],
            "class": "Remington",
            "local_cuboid": null,
            "local_to_world_matrix": [
                [
                    0.49010366201400757,
                    -0.7019593119621277,
                    0.5167705416679382,
                    0.0
                ],
                [
                    0.7948125004768372,
                    0.11648392677307129,
                    -0.5955711007118225,
                    0.0
                ],
                [
                    0.35787105560302734,
                    0.7026272416114807,
                    0.6150149703025818,
                    0.0
                ],
                [
                    1.8181207180023193,
                    -0.7828390002250671,
                    -0.31612253189086914,
                    1.0
                ]
            ],
            "location": [
                0.7828390002250671,
                -0.31612253189086914,
                -1.8181207180023193
            ],
            "location_world": [
                1.8181207180023193,
                -0.7828390002250671,
                -0.31612253189086914
            ],
            "name": "google_Remington_TStudio_Silk_Ceramic_Hair_Straightener_2_Inch_Floating_Plates_10",
            "projected_cuboid": [
                [
                    527.9325842857361,
                    299.2723286151886
                ],
                [
                    481.0395836830139,
                    350.84933042526245
                ],
                [
                    497.93484807014465,
                    364.42825198173523
                ],
                [
                    547.9843616485596,
                    314.1646385192871
                ],
                [
                    506.7706108093262,
                    324.01174306869507
                ],
                [
                    461.2022638320923,
                    373.93853068351746
                ],
                [
                    478.3889651298523,
                    388.23217153549194
                ],
                [
                    527.2553563117981,
                    339.80050683021545
                ],
                [
                    501.99878215789795,
                    345.8385765552521
                ]
            ],
            "provenance": "visii",
            "quaternion_xyzw": [
                -0.8147701025009155,
                -0.12282191216945648,
                0.3659716546535492,
                0.4325844645500183
            ],
            "quaternion_xyzw_world": [
                -0.43548962473869324,
                -0.05330393463373184,
                -0.5021024346351624,
                0.7452521920204163
            ],
            "segmentation_id": 11,
            "visibility": 1
        },
        {
            "bounding_box_minx_maxx_miny_maxy": [
                293,
                311,
                487,
                499
            ],
            "class": "Predito",
            "local_cuboid": null,
            "local_to_world_matrix": [
                [
                    0.4291568994522095,
                    0.25232136249542236,
                    -0.8672705888748169,
                    0.0
                ],
                [
                    -0.47041189670562744,
                    -0.7572474479675293,
                    -0.45308834314346313,
                    0.0
                ],
                [
                    -0.7710622549057007,
                    0.6024203896522522,
                    -0.20628297328948975,
                    0.0
                ],
                [
                    1.1307101249694824,
                    -0.20393303036689758,
                    -0.5209094285964966,
                    1.0
                ]
            ],
            "location": [
                0.20393303036689758,
                -0.5209094285964966,
                -1.1307101249694824
            ],
            "location_world": [
                1.1307101249694824,
                -0.20393303036689758,
                -0.5209094285964966
            ],
            "name": "google_Predito_LZ_TRX_FG_W_11",
            "projected_cuboid": [
                [
                    263.8193964958191,
                    531.4635038375854
                ],
                [
                    384.56442952156067,
                    637.1855735778809
                ],
                [
                    411.4527702331543,
                    593.4077501296997
                ],
                [
                    296.6412901878357,
                    499.7026324272156
                ],
                [
                    277.10598707199097,
                    497.65095114707947
                ],
                [
                    404.45148944854736,
                    603.3572554588318
                ],
                [
                    430.6960105895996,
                    560.747504234314
                ],
                [
                    310.0384771823883,
                    467.33570098876953
                ],
                [
                    344.37909722328186,
                    545.600414276123
                ]
            ],
            "provenance": "visii",
            "quaternion_xyzw": [
                0.327759325504303,
                -0.08392071723937988,
                -0.786840558052063,
                0.5161522626876831
            ],
            "quaternion_xyzw_world": [
                0.7734156847000122,
                -0.07049588859081268,
                -0.5295770764350891,
                -0.34118416905403137
            ],
            "segmentation_id": 12,
            "visibility": 1
        },
        {
            "bounding_box_minx_maxx_miny_maxy": [
                84,
                151,
                67,
                135
            ],
            "class": "Fresca",
            "local_cuboid": null,
            "local_to_world_matrix": [
                [
                    -0.6659643650054932,
                    0.6582387089729309,
                    0.35101738572120667,
                    0.0
                ],
                [
                    0.3865918517112732,
                    -0.09789860248565674,
                    0.917040228843689,
                    0.0
                ],
                [
                    0.6379954814910889,
                    0.7464165687561035,
                    -0.18927276134490967,
                    0.0
                ],
                [
                    1.3199052810668945,
                    0.37070465087890625,
                    0.4387591779232025,
                    1.0
                ]
            ],
            "location": [
                -0.37070465087890625,
                0.4387591779232025,
                -1.3199052810668945
            ],
            "location_world": [
                1.3199052810668945,
                0.37070465087890625,
                0.4387591779232025
            ],
            "name": "google_Fresca_Peach_Citrus_Sparkling_Flavored_Soda_12_PK_12",
            "projected_cuboid": [
                [
                    -46.498388051986694,
                    44.648051261901855
                ],
                [
                    -27.764171361923218,
                    -6.481647491455078
                ],
                [
                    1.5061348676681519,
                    -36.242544651031494
                ],
                [
                    -17.20339059829712,
                    17.15642213821411
                ],
                [
                    114.03660476207733,
                    138.74787092208862
                ],
                [
                    123.98774921894073,
                    93.25021505355835
                ],
                [
                    156.36339783668518,
                    74.50909912586212
                ],
                [
                    147.05818891525269,
                    121.93426489830017
                ],
                [
                    63.98212909698486,
                    60.9106570482254
                ]
            ],
            "provenance": "visii",
            "quaternion_xyzw": [
                0.12521639466285706,
                0.8962804079055786,
                -0.16062624752521515,
                -0.3939562141895294
            ],
            "quaternion_xyzw_world": [
                0.3940834105014801,
                0.6628232598304749,
                0.6274133920669556,
                0.10824079066514969
            ],
            "segmentation_id": 13,
            "visibility": 1
        },
        {
