{
    "camera_data": {
        "camera_look_at": {
            "at": [
                1.0,
                0.0,
                0.0
            ],
            "eye": [
                0.0,
                0.0,
                0.0
            ],
            "up": [
                0.0,
                0.0,
                1.0
            ]
        },
        "camera_view_matrix": [
            [
                0.0,
                0.0,
                -1.0,
                0.0
            ],
            [
                -1.0,
                0.0,
                0.0,
                0.0
            ],
            [
                0.0,
                1.0,
                0.0,
                0.0
            ],
            [
                0.0,
                0.0,
                0.0,
                1.0
            ]
        ],
        "height": 500,
        "intrinsics": {
            "cx": 250.0,
            "cy": 250.0,
            "fx": 603.5535278320312,
            "fy": 603.5535278320312
        },
        "location_world": [
            0.0,
            0.0,
            0.0
        ],
        "quaternion_world_xyzw": [
            0.5,
            -0.5,
            -0.5,
            0.5
        ],
        "width": 500
    },
    "objects": [
        {
            "bounding_box_minx_maxx_miny_maxy": [
                -1,
                -1,
                -1,
                -1
            ],
            "class": "Perricone",
            "local_cuboid": null,
            "local_to_world_matrix": [
                [
                    -0.15416908264160156,
                    0.47817766666412354,
                    0.8646259903907776,
                    0.0
                ],
                [
                    -0.7483817338943481,
                    0.5148378610610962,
                    -0.4181707203388214,
                    0.0
                ],
                [
                    -0.6451020836830139,
                    -0.7115392684936523,
                    0.2784873843193054,
                    0.0
                ],
                [
                    1.4624687433242798,
                    0.2720838189125061,
                    0.3698672950267792,
                    1.0
                ]
            ],
            "location": [
                -0.2720838189125061,
                0.3698672950267792,
                -1.4624687433242798
            ],
            "location_world": [
                1.4624687433242798,
                0.2720838189125061,
                0.3698672950267792
            ],
            "name": "google_Perricone_MD_Photo_Plasma_0",
            "projected_cuboid": [
                [
                    162.09542751312256,
                    53.971439599990845
                ],
                [
                    144.0710425376892,
                    59.03065204620361
                ],
                [
                    117.56293475627899,
                    80.41206002235413
                ],
                [
                    135.63677668571472,
                    74.87887144088745
                ],
                [
                    184.49687957763672,
                    94.90092098712921
                ],
                [
                    167.47888922691345,
                    101.34926438331604
                ],
                [
                    140.17385244369507,
                    120.5081194639206
                ],
                [
                    157.31236338615417,
                    113.7264221906662
                ],
                [
                    150.999516248703,
                    87.64991164207458
                ]
            ],
            "provenance": "visii",
            "quaternion_xyzw": [
                0.2715193033218384,
                0.3220655620098114,
                0.7970963716506958,
                0.4326527714729309
            ],
            "quaternion_xyzw_world": [
                0.11457064002752304,
                -0.589601457118988,
                0.47901424765586853,
                0.6401476860046387
            ],
            "segmentation_id": 1,
            "visibility": 0
        },
        {
            "bounding_box_minx_maxx_miny_maxy": [
                -1,
                -1,
                -1,
                -1
            ],
            "class": "Glycerin",
            "local_cuboid": null,
            "local_to_world_matrix": [
                [
                    -0.5738087892532349,
                    -0.7693093419075012,
                    -0.2809044420719147,
                    0.0
                ],
                [
                    -0.8014701008796692,
                    0.4569065570831299,
                    0.3858526349067688,
                    0.0
                ],
                [
                    -0.1684928834438324,
                    0.446541965007782,
                    -0.8787555694580078,
                    0.0
                ],
                [
                    0.4062669277191162,
                    0.3258211016654968,
                    0.11321287602186203,
                    1.0
                ]
            ],
            "location": [
                -0.3258211016654968,
                0.11321287602186203,
                -0.4062669277191162
            ],
            "location_world": [
                0.4062669277191162,
                0.3258211016654968,
                0.11321287602186203
            ],
            "name": "google_Glycerin_11_Color_BrllntBluSkydvrSlvrBlckWht_Size_80_1",
            "projected_cuboid": [
                [
                    -96.78873419761658,
                    354.9516201019287
                ],
                [
                    -841.2028551101685,
                    154.9467146396637
                ],
                [
                    -594.3965911865234,
                    -125.06052851676941
                ],
                [
                    -6.563901901245117,
                    204.1676789522171
                ],
                [
                    -155.64438700675964,
                    303.9852976799011
                ],
                [
                    -775.6236791610718,
                    108.3429604768753
                ],
                [
                    -586.7981910705566,
                    -107.88288712501526
                ],
                [
                    -74.04100894927979,
                    173.686683177948
                ],
                [
                    -294.39520835876465,
                    168.30392181873322
                ]
            ],
            "provenance": "visii",
            "quaternion_xyzw": [
                -0.551127016544342,
                0.3346829116344452,
                -0.05773015320301056,
                -0.7621769905090332
            ],
            "quaternion_xyzw_world": [
                -0.46044549345970154,
                0.8528585433959961,
                0.2440013736486435,
                0.03295140713453293
            ],
            "segmentation_id": 2,
            "visibility": 0
        },
        {
            "bounding_box_minx_maxx_miny_maxy": [
                0,
                315,
                1,
                173
            ],
            "class": "Jansport",
            "local_cuboid": null,
            "local_to_world_matrix": [
                [
                    0.7514104843139648,
                    -0.6061636209487915,
                    0.26066842675209045,
                    0.0
                ],
                [
                    -0.5838420391082764,
                    -0.4267303943634033,
                    0.6906737685203552,
                    0.0
                ],
                [
                    -0.3074261248111725,
                    -0.6711687445640564,
                    -0.6745535135269165,
                    0.0
                ],
                [
                    0.9371371865272522,
                    0.3005877137184143,
                    0.44316408038139343,
                    1.0
                ]
            ],
            "location": [
                -0.3005877137184143,
                0.44316408038139343,
                -0.9371371865272522
            ],
            "location_world": [
                0.9371371865272522,
                0.3005877137184143,
                0.44316408038139343
            ],
            "name": "google_Jansport_School_Backpack_Blue_Streak_2",
            "projected_cuboid": [
                [
                    268.7666714191437,
                    209.71421897411346
                ],
                [
                    387.36477494239807,
                    15.204161405563354
                ],
                [
                    184.70965325832367,
                    -136.542409658432
                ],
                [
                    116.44004285335541,
                    63.36106359958649
                ],
                [
                    108.11746120452881,
                    267.7425146102905
                ],
                [
                    221.83512151241302,
                    3.1656771898269653
                ],
                [
                    -26.44515037536621,
                    -204.291433095932
                ],
                [
                    -65.1138424873352,
                    70.0143575668335
                ],
                [
                    150.52597224712372,
                    43.89317333698273
                ]
            ],
            "provenance": "visii",
            "quaternion_xyzw": [
                0.3898922801017761,
                0.44076189398765564,
                -0.051451414823532104,
                0.8068865537643433
            ],
            "quaternion_xyzw_world": [
                0.8444960713386536,
                -0.3522827625274658,
                -0.013841898180544376,
                0.4031524062156677
            ],
            "segmentation_id": 3,
            "visibility": 1
        },
        {
            "bounding_box_minx_maxx_miny_maxy": [
                -1,
                -1,
                -1,
                -1
            ],
            "class": "Mario",
            "local_cuboid": null,
            "local_to_world_matrix": [
                [
                    -0.10580849647521973,
                    -0.813096821308136,
                    -0.5724318623542786,
                    0.0
                ],
                [
                    -0.9807637333869934,
                    -0.009628534317016602,
                    0.19496111571788788,
                    0.0
                ],
                [
                    -0.164033904671669,
                    0.5820488929748535,
                    -0.79643714427948,
                    0.0
                ],
                [
                    1.755001187324524,
                    -0.012347374111413956,
                    0.651419460773468,
                    1.0
                ]
            ],
            "location": [
                0.012347374111413956,
                0.651419460773468,
                -1.755001187324524
            ],
            "location_world": [
                1.755001187324524,
                -0.012347374111413956,
                0.651419460773468
            ],
            "name": "google_Mario_Luigi_Dream_Team_Nintendo_3DS_Game_3",
            "projected_cuboid": [
                [
                    269.4004774093628,
                    53.87265980243683
                ],
                [
                    271.24661207199097,
                    30.83018958568573
                ],
                [
                    274.60557222366333,
                    26.535093784332275
                ],
                [
                    272.5343108177185,
                    49.834951758384705
                ],
                [
                    232.1949601173401,
                    29.355287551879883
                ],
                [
                    231.33638501167297,
                    4.738256335258484
                ],
                [
                    234.7293198108673,
                    0.5208700895309448
                ],
                [
                    235.35826802253723,
                    25.38566291332245
                ],
                [
                    252.58642435073853,
                    27.999281883239746
                ]
            ],
            "provenance": "visii",
            "quaternion_xyzw": [
                -0.6029307246208191,
                0.23336154222488403,
                0.19746899604797363,
                -0.7369009256362915
            ],
            "quaternion_xyzw_world": [
                -0.6519695520401001,
                0.6878620982170105,
                0.28240036964416504,
                0.14843016862869263
            ],
            "segmentation_id": 4,
            "visibility": 0
        },
        {
            "bounding_box_minx_maxx_miny_maxy": [
                -1,
                -1,
                -1,
                -1
            ],
            "class": "INTERNATIONAL",
            "local_cuboid": null,
            "local_to_world_matrix": [
                [
                    -0.9827113151550293,
                    0.12026536464691162,
                    0.14076930284500122,
                    0.0
                ],
                [
                    0.041100386530160904,
                    -0.5996363162994385,
                    0.7992171049118042,
                    0.0
                ],
                [
                    0.1805284321308136,
                    0.7911849021911621,
                    0.5843254327774048,
                    0.0
                ],
                [
                    0.2713013291358948,
                    -0.30906856060028076,
                    -0.24426917731761932,
                    1.0
                ]
            ],
            "location": [
                0.30906856060028076,
                -0.24426917731761932,
                -0.2713013291358948
            ],
            "location_world": [
                0.2713013291358948,
                -0.30906856060028076,
                -0.24426917731761932
            ],
            "name": "google_INTERNATIONAL_PAPER_Willamette_4_Brown_Bag_500Count_4",
            "projected_cuboid": [
                [
                    650.5115032196045,
                    1179.527997970581
                ],
                [
                    1172.9795932769775,
                    392.2005295753479
                ],
                [
                    1793.7473058700562,
                    756.811797618866
                ],
                [
                    1222.0937013626099,
                    1720.6006050109863
                ],
                [
                    446.5404748916626,
                    653.083086013794
                ],
                [
                    655.6382775306702,
                    358.2373261451721
                ],
                [
                    843.1471586227417,
                    484.96055603027344
                ],
                [
                    625.8196830749512,
                    801.7613291740417
                ],
                [
                    789.2016768455505,
                    679.4663667678833
                ]
            ],
            "provenance": "visii",
            "quaternion_xyzw": [
                0.2554633915424347,
                0.7245707511901855,
                0.18743005394935608,
                -0.6120505928993225
            ],
            "quaternion_xyzw_world": [
                0.09027677774429321,
                0.44686394929885864,
                0.8897573947906494,
                0.02224341593682766
            ],
            "segmentation_id": 5,
            "visibility": 0
        },
        {
            "bounding_box_minx_maxx_miny_maxy": [
                0,
                162,
                234,
                437
            ],
            "class": "LEGO",
            "local_cuboid": null,
            "local_to_world_matrix": [
                [
                    0.42273586988449097,
                    0.9060213565826416,
                    0.020491570234298706,
                    0.0
                ],
                [
                    0.46262943744659424,
                    -0.19630277156829834,
                    -0.8645459413528442,
                    0.0
                ],
                [
                    -0.7792744636535645,
                    0.3749547004699707,
                    -0.5021364688873291,
                    0.0
                ],
                [
                    1.2270119190216064,
                    0.36072424054145813,
                    -0.11402033269405365,
                    1.0
                ]
            ],
            "location": [
                -0.36072424054145813,
                -0.11402033269405365,
                -1.2270119190216064
            ],
            "location_world": [
                1.2270119190216064,
                0.36072424054145813,
                -0.11402033269405365
            ],
            "name": "google_LEGO_5887_Dino_Defense_HQ_5",
            "projected_cuboid": [
                [
                    -161.83477640151978,
                    295.8022356033325
                ],
                [
                    -72.03823328018188,
                    441.2786364555359
                ],
                [
                    17.22957193851471,
                    356.7125201225281
                ],
                [
                    -46.19839787483215,
                    224.2194414138794
                ],
                [
                    37.74753212928772,
                    312.79224157333374
                ],
                [
                    112.68439888954163,
                    483.21086168289185
                ],
                [
                    184.88061428070068,
                    378.2016336917877
                ],
                [
                    135.6073021888733,
                    224.85309839248657
                ],
                [
                    24.94719624519348,
                    340.1923179626465
                ]
            ],
            "provenance": "visii",
            "quaternion_xyzw": [
                0.21168987452983856,
                0.2560279369354248,
                -0.9420512318611145,
                0.04665641486644745
            ],
            "quaternion_xyzw_world": [
                0.7282127141952515,
                0.46986642479896545,
                -0.2604949176311493,
                -0.4255283772945404
            ],
            "segmentation_id": 6,
            "visibility": 1
        },
        {
            "bounding_box_minx_maxx_miny_maxy": [
                -1,
                -1,
                -1,
                -1
            ],
            "class": "Mens",
            "local_cuboid": null,
            "local_to_world_matrix": [
                [
                    -0.835471510887146,
                    0.5402541756629944,
                    0.10056250542402267,
                    0.0
                ],
                [
                    0.5382111668586731,
                    0.8413959741592407,
                    -0.048801060765981674,
                    0.0
                ],
                [
                    -0.11097786575555801,
                    0.01335197314620018,
                    -0.9937331676483154,
                    0.0
                ],
                [
                    0.31017959117889404,
                    0.32860633730888367,
                    0.3046719431877136,
                    1.0
                ]
            ],
            "location": [
                -0.32860633730888367,
                0.3046719431877136,
                -0.31017959117889404
            ],
            "location_world": [
                0.31017959117889404,
                0.32860633730888367,
                0.3046719431877136
            ],
            "name": "google_Mens_ASV_Shock_Light_Bungee_in_Light_Grey_xGCOvtLDnQJ_6",
            "projected_cuboid": [
                [
                    -571.9999670982361,
                    -440.0627017021179
                ],
                [
                    -629.0243268013,
                    -90.64134955406189
                ],
                [
                    -592.7191376686096,
                    -283.8258743286133
                ],
                [
                    -509.8036527633667,
                    -767.8190469741821
                ],
                [
                    -161.15111112594604,
                    -181.5769076347351
                ],
                [
                    -357.49560594558716,
                    -2.2312402725219727
                ],
                [
                    -336.9317650794983,
                    -158.01271796226501
                ],
                [
                    -138.3800506591797,
                    -415.6506061553955
                ],
                [
                    -404.65235710144043,
                    -239.26836252212524
                ]
            ],
            "provenance": "visii",
            "quaternion_xyzw": [
                -0.31526535749435425,
                0.587468147277832,
                -0.6519266366958618,
                -0.3612210750579834
            ],
            "quaternion_xyzw_world": [
                0.2814541459083557,
                0.9579405784606934,
                -0.009251379407942295,
                -0.05520706996321678
            ],
            "segmentation_id": 7,
            "visibility": 0
        },
        {
            "bounding_box_minx_maxx_miny_maxy": [
                -1,
                -1,
                -1,
                -1
            ],
            "class": "Twinlab",
            "local_cuboid": null,
            "local_to_world_matrix": [
                [
                    0.5844745635986328,
                    0.6661202311515808,
                    -0.46332862973213196,
                    0.0
                ],
                [
                    0.5452201962471008,
                    0.10048776865005493,
                    0.8322484493255615,
                    0.0
                ],
                [
                    0.6009364128112793,
                    -0.739044189453125,
                    -0.3044496774673462,
                    0.0
                ],
                [
                    0.5733726620674133,
                    -0.26081448793411255,
                    -0.41050541400909424,
                    1.0
                ]
            ],
            "location": [
                0.26081448793411255,
                -0.41050541400909424,
                -0.5733726620674133
            ],
            "location_world": [
                0.5733726620674133,
                -0.26081448793411255,
                -0.41050541400909424
            ],
            "name": "google_Twinlab_100_Whey_Protein_Fuel_Chocolate_7",
            "projected_cuboid": [
                [
                    585.5466723442078,
                    737.2380495071411
                ],
                [
                    538.8324856758118,
                    589.9677276611328
                ],
                [
                    432.41751194000244,
                    597.9923605918884
                ],
                [
                    475.94618797302246,
                    786.1379384994507
                ],
                [
                    733.4263324737549,
                    738.5073900222778
                ],
                [
                    663.325309753418,
                    572.3159313201904
                ],
                [
                    573.6034512519836,
                    576.8277049064636
                ],
                [
                    650.3628492355347,
                    797.1481680870056
                ],
                [
                    580.319881439209,
                    667.0352220535278
                ]
            ],
            "provenance": "visii",
            "quaternion_xyzw": [
                -0.1601310819387436,
                0.8802422285079956,
                -0.2413170039653778,
                0.37589627504348755
            ],
            "quaternion_xyzw_world": [
                0.6686621904373169,
                0.45289701223373413,
                0.05144891142845154,
                0.5874762535095215
            ],
            "segmentation_id": 8,
            "visibility": 0
        },
        {
            "bounding_box_minx_maxx_miny_maxy": [
                -1,
                -1,
                -1,
                -1
            ],
            "class": "Timberland",
            "local_cuboid": null,
            "local_to_world_matrix": [
                [
                    0.016483783721923828,
                    0.9559378623962402,
                    0.2931058406829834,
                    0.0
                ],
                [
                    -0.64845871925354,
                    0.23335593938827515,
                    -0.7246007919311523,
                    0.0
                ],
                [
                    -0.7610713243484497,
                    -0.178122878074646,
                    0.6237328052520752,
                    0.0
                ],
                [
                    0.30888667702674866,
                    -0.4694346785545349,
                    -0.17306886613368988,
                    1.0
                ]
            ],
            "location": [
                0.4694346785545349,
                -0.17306886613368988,
                -0.30888667702674866
            ],
            "location_world": [
                0.30888667702674866,
                -0.4694346785545349,
                -0.17306886613368988
            ],
            "name": "google_Timberland_Mens_Earthkeepers_Stormbuck_Chukka_8",
            "projected_cuboid": [
                [
                    1136.6612911224365,
                    199.58652555942535
                ],
                [
                    2226.253032684326,
                    1215.1968479156494
                ],
                [
                    1339.3144607543945,
                    1018.0995464324951
                ],
                [
                    915.3926372528076,
                    316.9141113758087
                ],
                [
                    1345.8752632141113,
                    261.85616850852966
                ],
                [
                    2798.0904579162598,
                    1396.086573600769
                ],
                [
                    1661.5744829177856,
                    1120.7857131958008
                ],
                [
                    1078.354835510254,
                    366.25444889068604
                ],
                [
                    1343.269944190979,
                    562.1756315231323
                ]
            ],
            "provenance": "visii",
            "quaternion_xyzw": [
                0.0435648113489151,
                0.34287962317466736,
                0.927578866481781,
                0.14189136028289795
            ],
            "quaternion_xyzw_world": [
                -0.1996215283870697,
                -0.38507768511772156,
                0.586065948009491,
                0.684392511844635
            ],
            "segmentation_id": 9,
            "visibility": 0
        },
        {
            "bounding_box_minx_maxx_miny_maxy": [
                -1,
                -1,
                -1,
                -1
            ],
            "class": "Nescafe",
            "local_cuboid": null,
            "local_to_world_matrix": [
                [
                    -0.2968437671661377,
                    -0.9441351294517517,
                    -0.14315222203731537,
                    0.0
                ],
                [
                    -0.8629075884819031,
                    0.2010025978088379,
                    0.46366843581199646,
                    0.0
                ],
                [
                    -0.4089916944503784,
                    0.26116421818733215,
                    -0.8743677139282227,
                    0.0
                ],
                [
                    1.7154932022094727,
                    0.4611891806125641,
                    0.4969790577888489,
                    1.0
                ]
            ],
            "location": [
                -0.4611891806125641,
                0.4969790577888489,
                -1.7154932022094727
            ],
            "location_world": [
                1.7154932022094727,
                0.4611891806125641,
                0.4969790577888489
            ],
            "name": "google_Nescafe_Tasters_Choice_Instant_Coffee_Decaf_House_Blend_Light_7_oz_9",
            "projected_cuboid": [
                [
                    84.16309952735901,
                    137.5364065170288
                ],
                [
                    70.99464535713196,
                    118.76644194126129
                ],
                [
                    96.71247005462646,
                    65.95171988010406
                ],
                [
                    108.29123854637146,
                    85.98099648952484
                ],
                [
                    54.29624021053314,
                    134.49491560459137
                ],
                [
                    40.10078310966492,
                    115.92969298362732
                ],
                [
                    66.76645576953888,
                    64.13744390010834
                ],
                [
                    79.31719720363617,
                    83.91065895557404
                ],
                [
                    75.37059485912323,
                    100.43953359127045
                ]
            ],
            "provenance": "visii",
            "quaternion_xyzw": [
                -0.5175603628158569,
                0.1662389636039734,
                -0.017234504222869873,
                -0.8391655683517456
            ],
            "quaternion_xyzw_world": [
                -0.5866262316703796,
                0.7700996994972229,
                0.2353048175573349,
                -0.08630035072565079
            ],
            "segmentation_id": 10,
            "visibility": 0
        },
        {
            "bounding_box_minx_maxx_miny_maxy": [
                450,
                499,
                329,
                429
            ],
            "class": "Remington",
            "local_cuboid": null,
            "local_to_world_matrix": [
                [
                    0.9405420422554016,
                    0.23058849573135376,
                    -0.24941851198673248,
                    0.0
                ],
                [
                    0.13691115379333496,
                    0.41464507579803467,
                    0.8996248245239258,
                    0.0
                ],
                [
                    0.31086328625679016,
                    -0.8802831172943115,
                    0.3584210276603699,
                    0.0
                ],
                [
                    1.8433318138122559,
                    -0.6784155964851379,
                    -0.41050833463668823,
                    1.0
                ]
            ],
            "location": [
                0.6784155964851379,
                -0.41050833463668823,
                -1.8433318138122559
            ],
            "location_world": [
                1.8433318138122559,
                -0.6784155964851379,
                -0.41050833463668823
            ],
            "name": "google_Remington_TStudio_Silk_Ceramic_Hair_Straightener_2_Inch_Floating_Plates_10",
            "projected_cuboid": [
                [
                    498.68202209472656,
                    423.6476421356201
                ],
                [
                    451.67237520217896,
                    329.93748784065247
                ],
                [
                    435.6505870819092,
                    338.18334341049194
                ],
                [
                    482.79649019241333,
                    433.1059157848358
                ],
                [
                    524.5513916015625,
                    424.53423142433167
                ],
                [
                    473.9266633987427,
                    324.83816146850586
                ],
                [
                    457.12536573410034,
                    333.55712890625
                ],
                [
                    507.91770219802856,
                    434.6267879009247
                ],
                [
                    478.42368483543396,
                    379.72956895828247
                ]
            ],
            "provenance": "visii",
            "quaternion_xyzw": [
                -0.2125147134065628,
                0.7811972498893738,
                0.0708879828453064,
                0.5827034115791321
            ],
            "quaternion_xyzw_world": [
                0.5402489900588989,
                0.17006030678749084,
                0.028433548286557198,
                0.8236516714096069
            ],
            "segmentation_id": 11,
            "visibility": 1
        },
        {
            "bounding_box_minx_maxx_miny_maxy": [
                366,
                422,
                302,
                391
            ],
            "class": "Predito",
            "local_cuboid": null,
            "local_to_world_matrix": [
                [
                    -0.33393430709838867,
                    -0.9133838415145874,
                    -0.23284724354743958,
                    0.0
                ],
                [
                    0.16092327237129211,
                    0.188157320022583,
                    -0.9688656330108643,
                    0.0
                ],
                [
                    0.9287581443786621,
                    -0.36100807785987854,
                    0.08415251970291138,
                    0.0
                ],
                [
                    1.0878856182098389,
                    -0.25061437487602234,
                    -0.13874486088752747,
                    1.0
                ]
            ],
            "location": [
                0.25061437487602234,
                -0.13874486088752747,
                -1.0878856182098389
            ],
            "location_world": [
                1.0878856182098389,
                -0.25061437487602234,
                -0.13874486088752747
            ],
            "name": "google_Predito_LZ_TRX_FG_W_11",
            "projected_cuboid": [
                [
                    436.5629553794861,
                    257.01549649238586
                ],
                [
                    405.29003739356995,
                    384.13095474243164
                ],
                [
                    397.7012038230896,
                    402.1979868412018
                ],
                [
                    431.7828416824341,
                    263.1552517414093
                ],
                [
                    389.42983746528625,
                    246.0400015115738
                ],
                [
                    360.5427145957947,
                    370.38129568099976
                ],
                [
                    348.9936888217926,
                    386.6790235042572
                ],
                [
                    380.2260756492615,
                    250.94562768936157
                ],
                [
                    393.39667558670044,
                    320.93167304992676
                ]
            ],
            "provenance": "visii",
            "quaternion_xyzw": [
                -0.9760900735855103,
                0.10782933235168457,
                -0.1779913753271103,
                0.06276977062225342
            ],
            "quaternion_xyzw_world": [
                -0.3137498199939728,
                0.5995705127716064,
                -0.5545109510421753,
                0.48434892296791077
            ],
            "segmentation_id": 12,
            "visibility": 1
        },
        {
            "bounding_box_minx_maxx_miny_maxy": [
                0,
                186,
                128,
                222
            ],
            "class": "Fresca",
            "local_cuboid": null,
            "local_to_world_matrix": [
                [
                    0.10468918085098267,
                    0.9632330536842346,
                    -0.24743148684501648,
                    0.0
                ],
                [
                    -0.8004152178764343,
                    -0.06605231761932373,
                    -0.595795750617981,
                    0.0
                ],
                [
                    -0.590233564376831,
                    0.2604212760925293,
                    0.7640714049339294,
                    0.0
                ],
                [
                    1.2899984121322632,
                    0.31394249200820923,
                    0.14434653520584106,
                    1.0
                ]
            ],
            "location": [
                -0.31394249200820923,
                0.14434653520584106,
                -1.2899984121322632
            ],
            "location_world": [
                1.2899984121322632,
                0.31394249200820923,
                0.14434653520584106
            ],
            "name": "google_Fresca_Peach_Citrus_Sparkling_Flavored_Soda_12_PK_12",
            "projected_cuboid": [
                [
                    -6.775557994842529,
                    140.30954241752625
                ],
                [
                    -26.370853185653687,
                    172.4591851234436
                ],
                [
                    6.702020764350891,
                    224.8019427061081
                ],
                [
                    22.50029146671295,
                    190.1780068874359
                ],
                [
                    174.41703379154205,
                    87.75646984577179
                ],
                [
                    171.8849241733551,
                    115.95144867897034
                ],
                [
                    193.61400604248047,
                    173.70179295539856
                ],
                [
                    194.16850805282593,
                    142.26852357387543
                ],
                [
                    90.30543267726898,
                    156.48680925369263
                ]
            ],
            "provenance": "visii",
            "quaternion_xyzw": [
                -0.10287028551101685,
                0.44079577922821045,
                0.8873080611228943,
                -0.0883244127035141
            ],
            "quaternion_xyzw_world": [
                -0.3188534677028656,
                -0.12765878438949585,
                0.6567789912223816,
                0.6713248491287231
            ],
            "segmentation_id": 13,
            "visibility": 1
        },
        {
