{
    "camera_data": {
        "camera_look_at": {
            "at": [
                1.0,
                0.0,
                0.0
            ],
            "eye": [
                0.0,
                0.0,
                0.0
            ],
            "up": [
                0.0,
                0.0,
                1.0
            ]
        },
        "camera_view_matrix": [
            [
                0.0,
                0.0,
                -1.0,
                0.0
            ],
            [
                -1.0,
                0.0,
                0.0,
                0.0
            ],
            [
                0.0,
                1.0,
                0.0,
                0.0
            ],
            [
                0.0,
                0.0,
                0.0,
                1.0
            ]
        ],
        "height": 500,
        "intrinsics": {
            "cx": 250.0,
            "cy": 250.0,
            "fx": 603.5535278320312,
            "fy": 603.5535278320312
        },
        "location_world": [
            0.0,
            0.0,
            0.0
        ],
        "quaternion_world_xyzw": [
            0.5,
            -0.5,
            -0.5,
            0.5
        ],
        "width": 500
    },
    "objects": [
        {
            "bounding_box_minx_maxx_miny_maxy": [
                -1,
                -1,
                -1,
                -1
            ],
            "class": "Perricone",
            "local_cuboid": null,
            "local_to_world_matrix": [
                [
                    0.6186546087265015,
                    -0.7381375432014465,
                    -0.2691088020801544,
                    0.0
                ],
                [
                    0.7215287089347839,
                    0.6693304777145386,
                    -0.1771806925535202,
                    0.0
                ],
                [
                    0.31090644001960754,
                    -0.08455605804920197,
                    0.9466717839241028,
                    0.0
                ],
                [
                    1.4355617761611938,
                    0.261769562959671,
                    0.34291359782218933,
                    1.0
                ]
            ],
            "location": [
                -0.261769562959671,
                0.34291359782218933,
                -1.4355617761611938
            ],
            "location_world": [
                1.4355617761611938,
                0.261769562959671,
                0.34291359782218933
            ],
            "name": "google_Perricone_MD_Photo_Plasma_0",
            "projected_cuboid": [
                [
                    171.5478003025055,
                    72.65061140060425
                ],
                [
                    156.6808521747589,
                    82.70402252674103
                ],
                [
                    151.04570984840393,
                    119.26522850990295
                ],
                [
                    166.0650670528412,
                    110.1759672164917
                ],
                [
                    134.50059294700623,
                    52.243366837501526
                ],
                [
                    120.16160786151886,
                    63.4065717458725
                ],
                [
                    113.43161761760712,
                    101.2049913406372
                ],
                [
                    127.88040935993195,
                    91.06762707233429
                ],
                [
                    143.00087094306946,
                    86.676687002182
                ]
            ],
            "provenance": "visii",
            "quaternion_xyzw": [
                -0.746026873588562,
                0.3144790530204773,
                0.1789809912443161,
                0.5590282678604126
            ],
            "quaternion_xyzw_world": [
                -0.025750307366251945,
                0.1612483561038971,
                -0.4057975709438324,
                0.8992576003074646
            ],
            "segmentation_id": 1,
            "visibility": 0
        },
        {
            "bounding_box_minx_maxx_miny_maxy": [
                -1,
                -1,
                -1,
                -1
            ],
            "class": "Glycerin",
            "local_cuboid": null,
            "local_to_world_matrix": [
                [
                    -0.08569645881652832,
                    -0.9676274061203003,
                    -0.2373885065317154,
                    0.0
                ],
                [
                    -0.9683359861373901,
                    0.024815678596496582,
                    0.2484140247106552,
                    0.0
                ],
                [
                    -0.23448126018047333,
                    0.25116005539894104,
                    -0.939115047454834,
                    0.0
                ],
                [
                    0.42372190952301025,
                    0.33348172903060913,
                    0.09781138598918915,
                    1.0
                ]
            ],
            "location": [
                -0.33348172903060913,
                0.09781138598918915,
                -0.42372190952301025
            ],
            "location_world": [
                0.42372190952301025,
                0.33348172903060913,
                0.09781138598918915
            ],
            "name": "google_Glycerin_11_Color_BrllntBluSkydvrSlvrBlckWht_Size_80_1",
            "projected_cuboid": [
                [
                    -95.49286961555481,
                    342.59092807769775
                ],
                [
                    -541.302502155304,
                    265.7168507575989
                ],
                [
                    -372.15662002563477,
                    -20.50834894180298
                ],
                [
                    -39.649635553359985,
                    201.2982964515686
                ],
                [
                    -217.41393208503723,
                    309.3376159667969
                ],
                [
                    -789.2547845840454,
                    196.24856114387512
                ],
                [
                    -598.1769561767578,
                    -71.65589928627014
                ],
                [
                    -155.82361817359924,
                    172.39922285079956
                ],
                [
                    -268.82338523864746,
                    199.75446164608002
                ]
            ],
            "provenance": "visii",
            "quaternion_xyzw": [
                -0.6092479228973389,
                0.10759340971708298,
                0.06789666414260864,
                -0.7827072739601135
            ],
            "quaternion_xyzw_world": [
                -0.6761292219161987,
                0.7158259749412537,
                0.17447470128536224,
                0.0010153517359867692
            ],
            "segmentation_id": 2,
            "visibility": 0
        },
        {
            "bounding_box_minx_maxx_miny_maxy": [
                0,
                348,
                1,
                149
            ],
            "class": "Jansport",
            "local_cuboid": null,
            "local_to_world_matrix": [
                [
                    0.9010313153266907,
                    -0.21187275648117065,
                    0.37848716974258423,
                    0.0
                ],
                [
                    -0.4288424849510193,
                    -0.3041951656341553,
                    0.8506229519844055,
                    0.0
                ],
                [
                    -0.0650898665189743,
                    -0.9287492632865906,
                    -0.36494946479797363,
                    0.0
                ],
                [
                    0.9093921184539795,
                    0.3009854555130005,
                    0.41481509804725647,
                    1.0
                ]
            ],
            "location": [
                -0.3009854555130005,
                0.41481509804725647,
                -0.9093921184539795
            ],
            "location_world": [
                0.9093921184539795,
                0.3009854555130005,
                0.41481509804725647
            ],
            "name": "google_Jansport_School_Backpack_Blue_Streak_2",
            "projected_cuboid": [
                [
                    299.4525730609894,
                    158.5230529308319
                ],
                [
                    377.22247838974,
                    -51.32317543029785
                ],
                [
                    127.18136608600616,
                    -139.5244002342224
                ],
                [
                    85.48301458358765,
                    77.18418538570404
                ],
                [
                    262.6086473464966,
                    223.09134900569916
                ],
                [
                    369.93902921676636,
                    -75.00407099723816
                ],
                [
                    1.543194055557251,
                    -204.06395196914673
                ],
                [
                    -32.438457012176514,
                    108.24345052242279
                ],
                [
                    187.6932680606842,
                    22.50020205974579
                ]
            ],
            "provenance": "visii",
            "quaternion_xyzw": [
                0.27210289239883423,
                0.6272280812263489,
                0.025466442108154297,
                0.7293123006820679
            ],
            "quaternion_xyzw_world": [
                0.8015884160995483,
                -0.19982676208019257,
                0.09774257987737656,
                0.5549519658088684
            ],
            "segmentation_id": 3,
            "visibility": 1
        },
        {
            "bounding_box_minx_maxx_miny_maxy": [
                -1,
                -1,
                -1,
                -1
            ],
            "class": "Mario",
            "local_cuboid": null,
            "local_to_world_matrix": [
                [
                    0.7755243182182312,
                    0.437703937292099,
                    -0.4549475908279419,
                    0.0
                ],
                [
                    -0.208275705575943,
                    -0.5029006004333496,
                    -0.8388755917549133,
                    0.0
                ],
                [
                    -0.5959725379943848,
                    0.7453230023384094,
                    -0.2988485097885132,
                    0.0
                ],
                [
                    1.7258074283599854,
                    -0.0012786757433786988,
                    0.7240118384361267,
                    1.0
                ]
            ],
            "location": [
                0.0012786757433786988,
                0.7240118384361267,
                -1.7258074283599854
            ],
            "location_world": [
                1.7258074283599854,
                -0.0012786757433786988,
                0.7240118384361267
            ],
            "name": "google_Mario_Luigi_Dream_Team_Nintendo_3DS_Game_3",
            "projected_cuboid": [
                [
                    225.50924122333527,
                    -0.7247626781463623
                ],
                [
                    246.772900223732,
                    31.630054116249084
                ],
                [
                    250.93913078308105,
                    31.166791915893555
                ],
                [
                    229.7300398349762,
                    -1.0060369968414307
                ],
                [
                    245.6246018409729,
                    -39.20465707778931
                ],
                [
                    268.5803472995758,
                    -5.366712808609009
                ],
                [
                    272.8866934776306,
                    -5.643278360366821
                ],
                [
                    249.99655783176422,
                    -39.28208351135254
                ],
                [
                    248.35152924060822,
                    -3.0961334705352783
                ]
            ],
            "provenance": "visii",
            "quaternion_xyzw": [
                0.44866442680358887,
                0.026719853281974792,
                -0.8474302291870117,
                0.2825743556022644
            ],
            "quaternion_xyzw_world": [
                0.8026944398880005,
                0.07145565003156662,
                -0.32731014490127563,
                -0.4934002459049225
            ],
            "segmentation_id": 4,
            "visibility": 0
        },
        {
            "bounding_box_minx_maxx_miny_maxy": [
                -1,
                -1,
                -1,
                -1
            ],
            "class": "INTERNATIONAL",
            "local_cuboid": null,
            "local_to_world_matrix": [
                [
                    -0.8568863868713379,
                    -0.3375192880630493,
                    0.3896491825580597,
                    0.0
                ],
                [
                    0.5008057951927185,
                    -0.7242498397827148,
                    0.47397857904434204,
                    0.0
                ],
                [
                    0.12222644686698914,
                    0.6012843251228333,
                    0.7896314263343811,
                    0.0
                ],
                [
                    0.30124667286872864,
                    -0.312025249004364,
                    -0.2479824721813202,
                    1.0
                ]
            ],
            "location": [
                0.312025249004364,
                -0.2479824721813202,
                -0.30124667286872864
            ],
            "location_world": [
                0.30124667286872864,
                -0.312025249004364,
                -0.2479824721813202
            ],
            "name": "google_INTERNATIONAL_PAPER_Willamette_4_Brown_Bag_500Count_4",
            "projected_cuboid": [
                [
                    1031.7449569702148,
                    881.3305497169495
                ],
                [
                    1075.4809379577637,
                    303.9719760417938
                ],
                [
                    1333.2054615020752,
                    572.4651217460632
                ],
                [
                    1554.5529127120972,
                    1512.8073692321777
                ],
                [
                    395.85283398628235,
                    658.7302684783936
                ],
                [
                    583.3195447921753,
                    406.031996011734
                ],
                [
                    700.1180648803711,
                    549.453854560852
                ],
                [
                    546.1483001708984,
                    866.5837049484253
                ],
                [
                    774.4921445846558,
                    623.8839626312256
                ]
            ],
            "provenance": "visii",
            "quaternion_xyzw": [
                0.4964290261268616,
                0.560955822467804,
                0.12872032821178436,
                -0.6498599052429199
            ],
            "quaternion_xyzw_world": [
                0.1394023299217224,
                0.2928331792354584,
                0.9179825186729431,
                -0.228306382894516
            ],
            "segmentation_id": 5,
            "visibility": 0
        },
        {
            "bounding_box_minx_maxx_miny_maxy": [
                0,
                89,
                249,
                470
            ],
            "class": "LEGO",
            "local_cuboid": null,
            "local_to_world_matrix": [
                [
                    0.7757338285446167,
                    0.5970484018325806,
                    0.20437753200531006,
                    0.0
                ],
                [
                    0.2530246376991272,
                    0.0024229884147644043,
                    -0.9674567580223083,
                    0.0
                ],
                [
                    -0.5781137347221375,
                    0.8022015690803528,
                    -0.14918839931488037,
                    0.0
                ],
                [
                    1.190983772277832,
                    0.3984796404838562,
                    -0.15793949365615845,
                    1.0
                ]
            ],
            "location": [
                -0.3984796404838562,
                -0.15793949365615845,
                -1.190983772277832
            ],
            "location_world": [
                1.190983772277832,
                0.3984796404838562,
                -0.15793949365615845
            ],
            "name": "google_LEGO_5887_Dino_Defense_HQ_5",
            "projected_cuboid": [
                [
                    -134.2775821685791,
                    233.59060287475586
                ],
                [
                    -107.88333415985107,
                    395.6625759601593
                ],
                [
                    20.241007208824158,
                    363.3560538291931
                ],
                [
                    5.370214581489563,
                    217.66377985477448
                ],
                [
                    -100.06704926490784,
                    294.38209533691406
                ],
                [
                    -66.81233644485474,
                    512.9988193511963
                ],
                [
                    97.76408970355988,
                    453.2952308654785
                ],
                [
                    84.53956246376038,
                    263.27118277549744
                ],
                [
                    -24.0342915058136,
                    337.9725217819214
                ]
            ],
            "provenance": "visii",
            "quaternion_xyzw": [
                -0.44505468010902405,
                -0.11344368755817413,
                0.8863717317581177,
                0.0583278089761734
            ],
            "quaternion_xyzw_world": [
                -0.6932711005210876,
                -0.3065442442893982,
                0.13477274775505066,
                0.6381552219390869
            ],
            "segmentation_id": 6,
            "visibility": 1
        },
        {
            "bounding_box_minx_maxx_miny_maxy": [
                -1,
                -1,
                -1,
                -1
            ],
            "class": "Mens",
            "local_cuboid": null,
            "local_to_world_matrix": [
                [
                    -0.8296700716018677,
                    0.5487281680107117,
                    0.10268829017877579,
                    0.0
                ],
                [
                    0.5015422701835632,
                    0.8134472370147705,
                    -0.29454874992370605,
                    0.0
                ],
                [
                    -0.24515870213508606,
                    -0.19287577271461487,
                    -0.9501031637191772,
                    0.0
                ],
                [
                    0.3306788504123688,
                    0.2947782576084137,
                    0.29708966612815857,
                    1.0
                ]
            ],
            "location": [
                -0.2947782576084137,
                0.29708966612815857,
                -0.3306788504123688
            ],
            "location_world": [
                0.3306788504123688,
                0.2947782576084137,
                0.29708966612815857
            ],
            "name": "google_Mens_ASV_Shock_Light_Bungee_in_Light_Grey_xGCOvtLDnQJ_6",
            "projected_cuboid": [
                [
                    -351.62752866744995,
                    -509.1968774795532
                ],
                [
                    -516.6967511177063,
                    -21.933317184448242
                ],
                [
                    -493.16734075546265,
                    -188.58253955841064
                ],
                [
                    -334.52701568603516,
                    -722.2773432731628
                ],
                [
                    -26.65787935256958,
                    -238.42349648475647
                ],
                [
                    -268.50414276123047,
                    51.85869336128235
                ],
                [
                    -265.6848430633545,
                    -86.36900782585144
                ],
                [
                    -45.53470015525818,
                    -414.69669342041016
                ],
                [
                    -290.85373878479004,
                    -210.1972997188568
                ]
            ],
            "provenance": "visii",
            "quaternion_xyzw": [
                -0.3537873327732086,
                0.5022501349449158,
                -0.7225710153579712,
                -0.31697073578834534
            ],
            "quaternion_xyzw_world": [
                0.2770315408706665,
                0.9477896094322205,
                -0.12856875360012054,
                -0.09175216406583786
            ],
            "segmentation_id": 7,
            "visibility": 0
        },
        {
            "bounding_box_minx_maxx_miny_maxy": [
                448,
                499,
                488,
                500
            ],
            "class": "Twinlab",
            "local_cuboid": null,
            "local_to_world_matrix": [
                [
                    0.1442948579788208,
                    0.9865933656692505,
                    -0.07624050974845886,
                    0.0
                ],
                [
                    0.05204653739929199,
                    0.0693732500076294,
                    0.9962321519851685,
                    0.0
                ],
                [
                    0.988165020942688,
                    -0.14771923422813416,
                    -0.041338562965393066,
                    0.0
                ],
                [
                    0.59846031665802,
                    -0.29057934880256653,
                    -0.38555002212524414,
                    1.0
                ]
            ],
            "location": [
                0.29057934880256653,
                -0.38555002212524414,
                -0.59846031665802
            ],
            "location_world": [
                0.59846031665802,
                -0.29057934880256653,
                -0.38555002212524414
            ],
            "name": "google_Twinlab_100_Whey_Protein_Fuel_Chocolate_7",
            "projected_cuboid": [
                [
                    429.505854845047,
                    586.61949634552
                ],
                [
                    420.2690124511719,
                    475.0121235847473
                ],
                [
                    453.5970687866211,
                    558.1871867179871
                ],
                [
                    467.1807885169983,
                    718.0111408233643
                ],
                [
                    546.7220544815063,
                    587.101936340332
                ],
                [
                    536.1061692237854,
                    472.4811911582947
                ],
                [
                    620.8145618438721,
                    557.7735900878906
                ],
                [
                    637.2716426849365,
                    723.8500118255615
                ],
                [
                    507.360577583313,
                    574.8804211616516
                ]
            ],
            "provenance": "visii",
            "quaternion_xyzw": [
                -0.03653617203235626,
                0.9963672161102295,
                -0.02343137562274933,
                0.07326969504356384
            ],
            "quaternion_xyzw_world": [
                0.5282660722732544,
                0.4915325343608856,
                0.43156498670578003,
                0.5413708686828613
            ],
            "segmentation_id": 8,
            "visibility": 1
        },
        {
            "bounding_box_minx_maxx_miny_maxy": [
                -1,
                -1,
                -1,
                -1
            ],
            "class": "Timberland",
            "local_cuboid": null,
            "local_to_world_matrix": [
                [
                    0.12739384174346924,
                    0.8988442420959473,
                    0.41934460401535034,
                    0.0
                ],
                [
                    -0.6543216705322266,
                    0.3939003348350525,
                    -0.6455274224281311,
                    0.0
                ],
                [
                    -0.7454085946083069,
                    -0.1921500414609909,
                    0.6383137702941895,
                    0.0
                ],
                [
                    0.3202371597290039,
                    -0.48478034138679504,
                    -0.1694456785917282,
                    1.0
                ]
            ],
            "location": [
                0.48478034138679504,
                -0.1694456785917282,
                -0.3202371597290039
            ],
            "location_world": [
                0.3202371597290039,
                -0.48478034138679504,
                -0.1694456785917282
            ],
            "name": "google_Timberland_Mens_Earthkeepers_Stormbuck_Chukka_8",
            "projected_cuboid": [
                [
                    1163.0969047546387,
                    202.0365595817566
                ],
                [
                    1947.1168518066406,
                    982.8038215637207
                ],
                [
                    1243.0167198181152,
                    900.7285833358765
                ],
                [
                    947.5384950637817,
                    315.9602880477905
                ],
                [
                    1390.5373811721802,
                    287.3018980026245
                ],
                [
                    2625.0898838043213,
                    1292.391300201416
                ],
                [
                    1598.2714891433716,
                    1079.1490077972412
                ],
                [
                    1120.005488395691,
                    387.39317655563354
                ],
                [
                    1330.0962448120117,
                    538.6308431625366
                ]
            ],
            "provenance": "visii",
            "quaternion_xyzw": [
                0.017851203680038452,
                0.35633841156959534,
                0.9068875908851624,
                0.2241857349872589
            ],
            "quaternion_xyzw_world": [
                -0.15425612032413483,
                -0.396293044090271,
                0.5284457206726074,
                0.7347802519798279
            ],
            "segmentation_id": 9,
            "visibility": 0
        },
        {
            "bounding_box_minx_maxx_miny_maxy": [
                63,
                85,
                109,
                124
            ],
            "class": "Nescafe",
            "local_cuboid": null,
            "local_to_world_matrix": [
                [
                    0.13950449228286743,
                    -0.6106702089309692,
                    -0.7795000672340393,
                    0.0
                ],
                [
                    0.22148212790489197,
                    0.7864969968795776,
                    -0.5765138268470764,
                    0.0
                ],
                [
                    0.96513432264328,
                    -0.09221905469894409,
                    0.24497240781784058,
                    0.0
                ],
                [
                    1.7401270866394043,
                    0.5015434622764587,
                    0.4138062298297882,
                    1.0
                ]
            ],
            "location": [
                -0.5015434622764587,
                0.4138062298297882,
                -1.7401270866394043
            ],
            "location_world": [
                1.7401270866394043,
                0.5015434622764587,
                0.4138062298297882
            ],
            "name": "google_Nescafe_Tasters_Choice_Instant_Coffee_Decaf_House_Blend_Light_7_oz_9",
            "projected_cuboid": [
                [
                    116.66712164878845,
                    110.073983669281
                ],
                [
                    98.43562543392181,
                    125.59372186660767
                ],
                [
                    77.07154750823975,
                    128.5332441329956
                ],
                [
                    96.96763753890991,
                    111.44256591796875
                ],
                [
                    96.96988761425018,
                    85.1459950208664
                ],
                [
                    78.7900984287262,
                    101.00254416465759
                ],
                [
                    55.23884296417236,
                    101.43446922302246
                ],
                [
                    75.0686377286911,
                    83.93412828445435
                ],
                [
                    87.42363750934601,
                    105.96106946468353
                ]
            ],
            "provenance": "visii",
            "quaternion_xyzw": [
                -0.8877384662628174,
                0.4410074055194855,
                0.01331627368927002,
                0.13136035203933716
            ],
            "quaternion_xyzw_world": [
                -0.1643434762954712,
                0.592034637928009,
                -0.28238755464553833,
                0.7367112636566162
            ],
            "segmentation_id": 10,
            "visibility": 1
        },
        {
            "bounding_box_minx_maxx_miny_maxy": [
                408,
                493,
                360,
                442
            ],
            "class": "Remington",
            "local_cuboid": null,
            "local_to_world_matrix": [
                [
                    -0.8452267646789551,
                    0.36497169733047485,
                    0.3903692662715912,
                    0.0
                ],
                [
                    0.5344076752662659,
                    0.5785613059997559,
                    0.616178035736084,
                    0.0
                ],
                [
                    -0.0009650886058807373,
                    0.7294262647628784,
                    -0.6840593814849854,
                    0.0
                ],
                [
                    1.8562012910842896,
                    -0.6405131220817566,
                    -0.4364967942237854,
                    1.0
                ]
            ],
            "location": [
                0.6405131220817566,
                -0.4364967942237854,
                -1.8562012910842896
            ],
            "location_world": [
                1.8562012910842896,
                -0.6405131220817566,
                -0.4364967942237854
            ],
            "name": "google_Remington_TStudio_Silk_Ceramic_Hair_Straightener_2_Inch_Floating_Plates_10",
            "projected_cuboid": [
                [
                    482.70946741104126,
                    445.12051343917847
                ],
                [
                    401.4502167701721,
                    363.41238021850586
                ],
                [
                    416.9010818004608,
                    348.9138185977936
                ],
                [
                    499.71717596054077,
                    429.155170917511
                ],
                [
                    484.3248724937439,
                    449.96151328086853
                ],
                [
                    407.2204530239105,
                    372.15179204940796
                ],
                [
                    421.85449600219727,
                    358.4192991256714
                ],
                [
                    500.3480911254883,
                    434.92019176483154
                ],
                [
                    449.99629259109497,
                    398.51346611976624
                ]
            ],
            "provenance": "visii",
            "quaternion_xyzw": [
                -0.06686809659004211,
                0.7035952210426331,
                -0.43294310569763184,
                -0.559502363204956
            ],
            "quaternion_xyzw_world": [
                0.25508391857147217,
                0.8814544081687927,
                0.3816432058811188,
                -0.11099109053611755
            ],
            "segmentation_id": 11,
            "visibility": 1
        },
        {
            "bounding_box_minx_maxx_miny_maxy": [
                336,
                487,
                178,
                319
            ],
            "class": "Predito",
            "local_cuboid": null,
            "local_to_world_matrix": [
                [
                    -0.880815863609314,
                    -0.0930871069431305,
                    0.4642188549041748,
                    0.0
                ],
                [
                    -0.33631089329719543,
                    -0.5671225786209106,
                    -0.7518429756164551,
                    0.0
                ],
                [
                    0.3332556486129761,
                    -0.8183566331863403,
                    0.46822357177734375,
                    0.0
                ],
                [
                    0.8763135075569153,
                    -0.19016975164413452,
                    -0.010061899200081825,
                    1.0
                ]
            ],
            "location": [
                0.19016975164413452,
                -0.010061899200081825,
                -0.8763135075569153
            ],
            "location_world": [
                0.8763135075569153,
                -0.19016975164413452,
                -0.010061899200081825
            ],
            "name": "google_Predito_LZ_TRX_FG_W_11",
            "projected_cuboid": [
                [
                    389.8443579673767,
                    143.48921179771423
                ],
                [
                    512.2876167297363,
                    274.9388515949249
                ],
                [
                    454.47659492492676,
                    316.30954146385193
                ],
                [
                    332.5749635696411,
                    175.1253306865692
                ],
                [
                    373.4593093395233,
                    177.6549518108368
                ],
                [
                    483.5197627544403,
                    300.8023500442505
                ],
                [
                    429.7907054424286,
                    339.478999376297
                ],
                [
                    320.3376233577728,
                    207.98178017139435
                ],
                [
                    409.31522846221924,
                    239.0194535255432
                ]
            ],
            "provenance": "visii",
            "quaternion_xyzw": [
                0.737933874130249,
                0.349401593208313,
                0.5756519436836243,
                -0.044689953327178955
            ],
            "quaternion_xyzw_world": [
                0.23349682986736298,
                -0.4597471356391907,
                0.8538386821746826,
                0.07121479511260986
            ],
            "segmentation_id": 12,
            "visibility": 1
        },
        {
            "bounding_box_minx_maxx_miny_maxy": [
                25,
                159,
                119,
                242
            ],
            "class": "Fresca",
            "local_cuboid": null,
            "local_to_world_matrix": [
                [
                    0.2587900757789612,
                    0.6409671902656555,
                    -0.7226263284683228,
                    0.0
                ],
                [
                    0.05278301239013672,
                    0.7376101016998291,
                    0.6731606721878052,
                    0.0
                ],
                [
                    0.9644904136657715,
                    -0.21234968304634094,
                    0.15705400705337524,
                    0.0
                ],
                [
                    1.287263035774231,
                    0.32831093668937683,
                    0.20491620898246765,
                    1.0
                ]
            ],
            "location": [
                -0.32831093668937683,
                0.20491620898246765,
                -1.287263035774231
            ],
            "location_world": [
                1.287263035774231,
                0.32831093668937683,
                0.20491620898246765
            ],
            "name": "google_Fresca_Peach_Citrus_Sparkling_Flavored_Soda_12_PK_12",
            "projected_cuboid": [
                [
                    93.03627908229828,
                    237.42437362670898
                ],
                [
                    51.54767632484436,
                    198.90594482421875
                ],
                [
                    20.71264386177063,
                    203.2972276210785
                ],
                [
                    65.91367721557617,
                    245.44425308704376
                ],
                [
                    197.18536734580994,
                    105.25228083133698
                ],
                [
                    151.92212164402008,
                    64.46535885334015
                ],
                [
                    128.5960078239441,
                    55.65303564071655
                ],
                [
                    178.31847071647644,
                    100.531205534935
                ],
                [
                    109.34586822986603,
                    154.05428409576416
                ]
            ],
            "provenance": "visii",
            "quaternion_xyzw": [
                -0.403225302696228,
                0.9053477048873901,
                0.0287930965423584,
                0.1300991177558899
            ],
            "quaternion_xyzw_world": [
                0.3017142415046692,
                0.5748404264450073,
                0.2004082053899765,
                0.7337326407432556
            ],
            "segmentation_id": 13,
            "visibility": 1
        },
        {
